hidclass.sys,hidclass.sys,hidclass.sys,hidclass.sys,hidclass.sys,hidclass.sys,hidclass.sys,hidclass.sys,hidclass.sys,hidclass.sys,hidclass.sys,hidclass.sys,hidclass.sys,hidclass.sys,hidclass.sys,hidclass.sys,hidclass.sys,hidclass.sys,hidclass.sys,hidclass.sys,hidclass.sys,hidclass.sys,hidclass.sys,hidclass.sys,hidclass.sys,hidclass.sys,hidclass.sys,hidclass.sys,hidclass.sys,hidclass.sys,hidclass.sys,hidclass.sys,hidclass.sys,hidclass.sys,hidclass.sys,hidclass.sys,hidclass.sys,hidclass.sys,hidclass.sys,hidclass.sys,hidclass.sys,hidclass.sys,hidclass.sys,hidclass.sys,hidclass.sys,hidclass.sys,hidclass.sys,hidclass.sys,hidclass.sys,hidclass.sys,hidclass.sys,hidclass.sys,hidclass.sys,hidclass.sys,hidclass.sys,hidclass.sys,hidclass.sys,hidclass.sys,hidclass.sys,hidclass.sys,hidclass.sys,hidclass.sys,hidclass.sys,hidclass.sys,hidclass.sys,hidclass.sys,hidclass.sys,hidclass.sys,hidclass.sys,hidclass.sys,hidclass.sys,hidclass.sys,hidclass.sys,hidclass.sys,hidclass.sys,hidclass.sys,hidclass.sys,hidclass.sys,hidclass.sys,hidclass.sys,hidclass.sys,hidclass.sys,hidclass.sys,hidclass.sys,hidclass.sys,hidclass.sys,hidclass.sys,hidclass.sys,hidclass.sys,hidclass.sys,hidclass.sys,hidclass.sys,hidclass.sys,hidclass.sys,hidclass.sys,hidclass.sys,hidclass.sys,hidclass.sys,hidclass.sys,hidclass.sys,hidclass.sys,hidclass.sys,hidclass.sys,hidclass.sys,hidclass.sys,hidclass.sys,hidclass.sys,hidclass.sys,hidclass.sys,hidclass.sys,hidclass.sys,hidclass.sys,hidclass.sys,hidclass.sys,hidclass.sys,hidclass.sys,hidclass.sys,hidclass.sys,hidclass.sys,hidclass.sys,hidclass.sys,hidclass.sys,hidclass.sys,hidclass.sys,hidclass.sys,hidclass.sys,hidclass.sys,hidclass.sys,hidclass.sys,hidclass.sys
211968,211968,211968,211968,211968,211968,211968,211968,211968,211968,211968,211968,211968,211968,211968,211968,211968,211968,211968,211968,211968,211968,211968,211968,211968,211968,211968,211968,211968,211968,211968,211968,211968,211968,211968,211968,211968,211968,211968,211968,211968,211968,211968,211968,211968,211968,211968,211968,211968,211968,211968,211968,211968,211968,211968,211968,211968,211968,211968,211968,211968,211968,211968,211968,211968,211968,211968,211968,211968,211968,211968,211968,211968,211968,211968,211968,211968,211968,211968,211968,211968,211968,211968,211968,211968,211968,211968,211968,211968,211968,211968,211968,211968,211968,211968,211968,211968,211968,211968,211968,211968,211968,211968,211968,211968,211968,211968,211968,211968,211968,211968,211968,211968,211968,211968,211968,211968,211968,211968,211968,211968,211968,211968,211968,211968,211968,211968,211968,211968,211968
1,1,1,1,1,1,1,1,1,1,1,1,1,1,1,1,1,1,1,1,1,1,1,1,1,1,1,1,1,1,1,1,1,1,1,1,1,1,1,1,1,1,1,1,1,1,1,1,1,1,1,1,1,1,1,1,1,1,1,1,1,1,1,1,1,1,1,1,1,1,1,1,1,1,1,1,1,1,1,1,1,1,1,1,1,1,1,1,1,1,1,1,1,1,1,1,1,1,1,1,1,1,1,1,1,1,1,1,1,1,1,1,1,1,1,1,1,1,1,1,1,1,1,1,1,1,1,1,1,1
3570458342,3570458342,3570458342,3570458342,3570458342,3570458342,3570458342,3570458342,3570458342,3570458342,3570458342,3570458342,3570458342,3570458342,3570458342,3570458342,3570458342,3570458342,3570458342,3570458342,3570458342,3570458342,3570458342,3570458342,3570458342,3570458342,3570458342,3570458342,3570458342,3570458342,3570458342,3570458342,3570458342,3570458342,3570458342,3570458342,3570458342,3570458342,3570458342,3570458342,3570458342,3570458342,3570458342,3570458342,3570458342,3570458342,3570458342,3570458342,3570458342,3570458342,3570458342,3570458342,3570458342,3570458342,3570458342,3570458342,3570458342,3570458342,3570458342,3570458342,3570458342,3570458342,3570458342,3570458342,3570458342,3570458342,3570458342,3570458342,3570458342,3570458342,3570458342,3570458342,3570458342,3570458342,3570458342,3570458342,3570458342,3570458342,3570458342,3570458342,3570458342,3570458342,3570458342,3570458342,3570458342,3570458342,3570458342,3570458342,3570458342,3570458342,3570458342,3570458342,3570458342,3570458342,3570458342,3570458342,3570458342,3570458342,3570458342,3570458342,3570458342,3570458342,3570458342,3570458342,3570458342,3570458342,3570458342,3570458342,3570458342,3570458342,3570458342,3570458342,3570458342,3570458342,3570458342,3570458342,3570458342,3570458342,3570458342,3570458342,3570458342,3570458342,3570458342,3570458342,3570458342,3570458342,3570458342,3570458342,3570458342,3570458342
2083-02-21T17:59:02.000Z,2083-02-21T17:59:02.000Z,2083-02-21T17:59:02.000Z,2083-02-21T17:59:02.000Z,2083-02-21T17:59:02.000Z,2083-02-21T17:59:02.000Z,2083-02-21T17:59:02.000Z,2083-02-21T17:59:02.000Z,2083-02-21T17:59:02.000Z,2083-02-21T17:59:02.000Z,2083-02-21T17:59:02.000Z,2083-02-21T17:59:02.000Z,2083-02-21T17:59:02.000Z,2083-02-21T17:59:02.000Z,2083-02-21T17:59:02.000Z,2083-02-21T17:59:02.000Z,2083-02-21T17:59:02.000Z,2083-02-21T17:59:02.000Z,2083-02-21T17:59:02.000Z,2083-02-21T17:59:02.000Z,2083-02-21T17:59:02.000Z,2083-02-21T17:59:02.000Z,2083-02-21T17:59:02.000Z,2083-02-21T17:59:02.000Z,2083-02-21T17:59:02.000Z,2083-02-21T17:59:02.000Z,2083-02-21T17:59:02.000Z,2083-02-21T17:59:02.000Z,2083-02-21T17:59:02.000Z,2083-02-21T17:59:02.000Z,2083-02-21T17:59:02.000Z,2083-02-21T17:59:02.000Z,2083-02-21T17:59:02.000Z,2083-02-21T17:59:02.000Z,2083-02-21T17:59:02.000Z,2083-02-21T17:59:02.000Z,2083-02-21T17:59:02.000Z,2083-02-21T17:59:02.000Z,2083-02-21T17:59:02.000Z,2083-02-21T17:59:02.000Z,2083-02-21T17:59:02.000Z,2083-02-21T17:59:02.000Z,2083-02-21T17:59:02.000Z,2083-02-21T17:59:02.000Z,2083-02-21T17:59:02.000Z,2083-02-21T17:59:02.000Z,2083-02-21T17:59:02.000Z,2083-02-21T17:59:02.000Z,2083-02-21T17:59:02.000Z,2083-02-21T17:59:02.000Z,2083-02-21T17:59:02.000Z,2083-02-21T17:59:02.000Z,2083-02-21T17:59:02.000Z,2083-02-21T17:59:02.000Z,2083-02-21T17:59:02.000Z,2083-02-21T17:59:02.000Z,2083-02-21T17:59:02.000Z,2083-02-21T17:59:02.000Z,2083-02-21T17:59:02.000Z,2083-02-21T17:59:02.000Z,2083-02-21T17:59:02.000Z,2083-02-21T17:59:02.000Z,2083-02-21T17:59:02.000Z,2083-02-21T17:59:02.000Z,2083-02-21T17:59:02.000Z,2083-02-21T17:59:02.000Z,2083-02-21T17:59:02.000Z,2083-02-21T17:59:02.000Z,2083-02-21T17:59:02.000Z,2083-02-21T17:59:02.000Z,2083-02-21T17:59:02.000Z,2083-02-21T17:59:02.000Z,2083-02-21T17:59:02.000Z,2083-02-21T17:59:02.000Z,2083-02-21T17:59:02.000Z,2083-02-21T17:59:02.000Z,2083-02-21T17:59:02.000Z,2083-02-21T17:59:02.000Z,2083-02-21T17:59:02.000Z,2083-02-21T17:59:02.000Z,2083-02-21T17:59:02.000Z,2083-02-21T17:59:02.000Z,2083-02-21T17:59:02.000Z,2083-02-21T17:59:02.000Z,2083-02-21T17:59:02.000Z,2083-02-21T17:59:02.000Z,2083-02-21T17:59:02.000Z,2083-02-21T17:59:02.000Z,2083-02-21T17:59:02.000Z,2083-02-21T17:59:02.000Z,2083-02-21T17:59:02.000Z,2083-02-21T17:59:02.000Z,2083-02-21T17:59:02.000Z,2083-02-21T17:59:02.000Z,2083-02-21T17:59:02.000Z,2083-02-21T17:59:02.000Z,2083-02-21T17:59:02.000Z,2083-02-21T17:59:02.000Z,2083-02-21T17:59:02.000Z,2083-02-21T17:59:02.000Z,2083-02-21T17:59:02.000Z,2083-02-21T17:59:02.000Z,2083-02-21T17:59:02.000Z,2083-02-21T17:59:02.000Z,2083-02-21T17:59:02.000Z,2083-02-21T17:59:02.000Z,2083-02-21T17:59:02.000Z,2083-02-21T17:59:02.000Z,2083-02-21T17:59:02.000Z,2083-02-21T17:59:02.000Z,2083-02-21T17:59:02.000Z,2083-02-21T17:59:02.000Z,2083-02-21T17:59:02.000Z,2083-02-21T17:59:02.000Z,2083-02-21T17:59:02.000Z,2083-02-21T17:59:02.000Z,2083-02-21T17:59:02.000Z,2083-02-21T17:59:02.000Z,2083-02-21T17:59:02.000Z,2083-02-21T17:59:02.000Z,2083-02-21T17:59:02.000Z,2083-02-21T17:59:02.000Z,2083-02-21T17:59:02.000Z,2083-02-21T17:59:02.000Z,2083-02-21T17:59:02.000Z,2083-02-21T17:59:02.000Z,2083-02-21T17:59:02.000Z,2083-02-21T17:59:02.000Z,2083-02-21T17:59:02.000Z,2083-02-21T17:59:02.000Z
imports,imports,imports,imports,imports,imports,imports,imports,imports,imports,imports,imports,imports,imports,imports,imports,imports,imports,imports,imports,imports,imports,imports,imports,imports,imports,imports,imports,imports,imports,imports,imports,imports,imports,imports,imports,imports,imports,imports,imports,imports,imports,imports,imports,imports,imports,imports,imports,imports,imports,imports,imports,imports,imports,imports,imports,imports,imports,imports,imports,imports,imports,imports,imports,imports,imports,imports,imports,imports,imports,imports,imports,imports,imports,imports,imports,imports,imports,imports,imports,imports,imports,imports,imports,imports,imports,imports,imports,imports,imports,imports,imports,imports,imports,imports,imports,imports,imports,imports,imports,imports,imports,imports,imports,imports,imports,imports,imports,imports,imports,imports,imports,imports,imports,imports,imports,imports,imports,imports,imports,imports,imports,imports,imports,imports,imports,exports,exports,exports,exports
ntoskrnl.dll,ntoskrnl.dll,ntoskrnl.dll,ntoskrnl.dll,ntoskrnl.dll,ntoskrnl.dll,ntoskrnl.dll,ntoskrnl.dll,ntoskrnl.dll,ntoskrnl.dll,ntoskrnl.dll,ntoskrnl.dll,ntoskrnl.dll,ntoskrnl.dll,ntoskrnl.dll,ntoskrnl.dll,ntoskrnl.dll,ntoskrnl.dll,ntoskrnl.dll,ntoskrnl.dll,ntoskrnl.dll,ntoskrnl.dll,ntoskrnl.dll,ntoskrnl.dll,ntoskrnl.dll,ntoskrnl.dll,ntoskrnl.dll,ntoskrnl.dll,ntoskrnl.dll,ntoskrnl.dll,ntoskrnl.dll,ntoskrnl.dll,ntoskrnl.dll,ntoskrnl.dll,ntoskrnl.dll,ntoskrnl.dll,ntoskrnl.dll,ntoskrnl.dll,ntoskrnl.dll,ntoskrnl.dll,ntoskrnl.dll,ntoskrnl.dll,ntoskrnl.dll,ntoskrnl.dll,ntoskrnl.dll,ntoskrnl.dll,ntoskrnl.dll,ntoskrnl.dll,ntoskrnl.dll,ntoskrnl.dll,ntoskrnl.dll,ntoskrnl.dll,ntoskrnl.dll,ntoskrnl.dll,ntoskrnl.dll,ntoskrnl.dll,ntoskrnl.dll,ntoskrnl.dll,ntoskrnl.dll,ntoskrnl.dll,ntoskrnl.dll,ntoskrnl.dll,ntoskrnl.dll,ntoskrnl.dll,ntoskrnl.dll,ntoskrnl.dll,ntoskrnl.dll,ntoskrnl.dll,ntoskrnl.dll,ntoskrnl.dll,ntoskrnl.dll,ntoskrnl.dll,ntoskrnl.dll,ntoskrnl.dll,ntoskrnl.dll,ntoskrnl.dll,ntoskrnl.dll,ntoskrnl.dll,ntoskrnl.dll,ntoskrnl.dll,ntoskrnl.dll,ntoskrnl.dll,ntoskrnl.dll,ntoskrnl.dll,ntoskrnl.dll,ntoskrnl.dll,ntoskrnl.dll,ntoskrnl.dll,ntoskrnl.dll,ntoskrnl.dll,ntoskrnl.dll,ntoskrnl.dll,ntoskrnl.dll,ntoskrnl.dll,ntoskrnl.dll,ntoskrnl.dll,ntoskrnl.dll,ntoskrnl.dll,ntoskrnl.dll,ntoskrnl.dll,ntoskrnl.dll,ntoskrnl.dll,ntoskrnl.dll,ntoskrnl.dll,wmilib.dll,wmilib.dll,hidparse.dll,hidparse.dll,hidparse.dll,hidparse.dll,hidparse.dll,wpprecorder.dll,wpprecorder.dll,wpprecorder.dll,wpprecorder.dll,wpprecorder.dll,wpprecorder.dll,wpprecorder.dll,sleepstudyhelper.dll,sleepstudyhelper.dll,sleepstudyhelper.dll,sleepstudyhelper.dll,sleepstudyhelper.dll,sleepstudyhelper.dll,sleepstudyhelper.dll,sleepstudyhelper.dll,hidclass.sys,hidclass.sys,hidclass.sys,hidclass.sys
EtwActivityIdControl,EtwRegister,EtwSetInformation,EtwUnregister,EtwWriteTransfer,ExAcquireFastMutex,ExAllocatePoolWithQuotaTag,ExAllocatePoolWithTag,ExFreePoolWithTag,ExQueryWnfStateData,ExReleaseFastMutex,ExSubscribeWnfStateChange,ExUnsubscribeWnfStateChange,IoAcquireRemoveLockEx,IoAllocateDriverObjectExtension,IoAllocateIrp,IoAllocateWorkItem,IoAttachDeviceToDeviceStack,IoCancelIrp,IoCreateDevice,IoDecrementKeepAliveCount,IoDeleteDevice,IoDetachDevice,IoFreeIrp,IoFreeWorkItem,IoGetDeviceProperty,IoGetDevicePropertyData,IoGetInitiatorProcess,IoGetRequestorProcess,IoGetRequestorSessionId,IoIncrementKeepAliveCount,IoInitializeRemoveLockEx,IoInvalidateDeviceRelations,IoOpenDeviceRegistryKey,IoQueueWorkItem,IoRegisterDeviceInterface,IoReleaseCancelSpinLock,IoReleaseRemoveLockAndWaitEx,IoReleaseRemoveLockEx,IoReuseIrp,IoSetDeviceInterfacePropertyData,IoSetDeviceInterfaceState,IoSetDevicePropertyData,IoWMIRegistrationControl,IofCallDriver,IofCompleteRequest,KdRefreshDebuggerNotPresent,KeAcquireSpinLockRaiseToDpc,KeBugCheckEx,KeCancelTimer,KeClearEvent,KeInitializeDpc,KeInitializeEvent,KeInitializeSpinLock,KeInitializeTimer,KeReleaseSpinLock,KeResetEvent,KeSetEvent,KeSetTimer,KeWaitForSingleObject,KseQueryDeviceFlags,MmBadPointer,MmGetSystemRoutineAddress,MmMapLockedPagesSpecifyCache,ObfDereferenceObject,ObfReferenceObject,PoFxActivateComponent,PoFxCompleteDevicePowerNotRequired,PoFxIdleComponent,PoFxRegisterDevice,PoFxReportDevicePoweredOn,PoFxSetDeviceIdleTimeout,PoFxStartDevicePowerManagement,PoFxUnregisterDevice,PoGetSystemWake,PoRegisterPowerSettingCallback,PoRequestPowerIrp,PoSetPowerState,PoSetSystemWake,PoStartNextPowerIrp,PoUnregisterPowerSettingCallback,ProbeForWrite,PsGetCurrentProcessId,PsGetCurrentThreadId,PsGetProcessImageFileName,PsGetVersion,RtlCopyUnicodeString,RtlFindMessage,RtlFreeUnicodeString,RtlGetActiveConsoleId,RtlInitUnicodeString,RtlQueryRegistryValues,SeQuerySessionIdToken,SeSinglePrivilegeCheck,ZwClose,ZwOpenKey,ZwQuerySystemInformation,ZwQueryValueKey,ZwQueryWnfStateData,ZwSetValueKey,__C_specific_handler,_vsnprintf,_vsnwprintf,wcsncmp,WmiCompleteRequest,WmiSystemControl,HidP_FreeCollectionDescription,HidP_GetCaps,HidP_GetCollectionDescription,HidP_SysPowerCaps,HidP_SysPowerEvent,WppAutoLogStart,WppAutoLogStop,WppAutoLogTrace,imp_WppRecorderConfigure,imp_WppRecorderLogCreate,imp_WppRecorderLogDelete,imp_WppRecorderReplay,SleepstudyHelper_ComponentActive,SleepstudyHelper_ComponentInactive,SleepstudyHelper_GenerateGuid,SleepstudyHelper_GetPdoFriendlyName,SleepstudyHelper_Initialize,SleepstudyHelper_RegisterComponentEx,SleepstudyHelper_Uninitialize,SleepstudyHelper_UnregisterComponent,DllInitialize,DllUnload,HidNotifyPresence,HidRegisterMinidriver
087be155d9def275a6d2c9ee3157d381,087be155d9def275a6d2c9ee3157d381,087be155d9def275a6d2c9ee3157d381,087be155d9def275a6d2c9ee3157d381,087be155d9def275a6d2c9ee3157d381,087be155d9def275a6d2c9ee3157d381,087be155d9def275a6d2c9ee3157d381,087be155d9def275a6d2c9ee3157d381,087be155d9def275a6d2c9ee3157d381,087be155d9def275a6d2c9ee3157d381,087be155d9def275a6d2c9ee3157d381,087be155d9def275a6d2c9ee3157d381,087be155d9def275a6d2c9ee3157d381,087be155d9def275a6d2c9ee3157d381,087be155d9def275a6d2c9ee3157d381,087be155d9def275a6d2c9ee3157d381,087be155d9def275a6d2c9ee3157d381,087be155d9def275a6d2c9ee3157d381,087be155d9def275a6d2c9ee3157d381,087be155d9def275a6d2c9ee3157d381,087be155d9def275a6d2c9ee3157d381,087be155d9def275a6d2c9ee3157d381,087be155d9def275a6d2c9ee3157d381,087be155d9def275a6d2c9ee3157d381,087be155d9def275a6d2c9ee3157d381,087be155d9def275a6d2c9ee3157d381,087be155d9def275a6d2c9ee3157d381,087be155d9def275a6d2c9ee3157d381,087be155d9def275a6d2c9ee3157d381,087be155d9def275a6d2c9ee3157d381,087be155d9def275a6d2c9ee3157d381,087be155d9def275a6d2c9ee3157d381,087be155d9def275a6d2c9ee3157d381,087be155d9def275a6d2c9ee3157d381,087be155d9def275a6d2c9ee3157d381,087be155d9def275a6d2c9ee3157d381,087be155d9def275a6d2c9ee3157d381,087be155d9def275a6d2c9ee3157d381,087be155d9def275a6d2c9ee3157d381,087be155d9def275a6d2c9ee3157d381,087be155d9def275a6d2c9ee3157d381,087be155d9def275a6d2c9ee3157d381,087be155d9def275a6d2c9ee3157d381,087be155d9def275a6d2c9ee3157d381,087be155d9def275a6d2c9ee3157d381,087be155d9def275a6d2c9ee3157d381,087be155d9def275a6d2c9ee3157d381,087be155d9def275a6d2c9ee3157d381,087be155d9def275a6d2c9ee3157d381,087be155d9def275a6d2c9ee3157d381,087be155d9def275a6d2c9ee3157d381,087be155d9def275a6d2c9ee3157d381,087be155d9def275a6d2c9ee3157d381,087be155d9def275a6d2c9ee3157d381,087be155d9def275a6d2c9ee3157d381,087be155d9def275a6d2c9ee3157d381,087be155d9def275a6d2c9ee3157d381,087be155d9def275a6d2c9ee3157d381,087be155d9def275a6d2c9ee3157d381,087be155d9def275a6d2c9ee3157d381,087be155d9def275a6d2c9ee3157d381,087be155d9def275a6d2c9ee3157d381,087be155d9def275a6d2c9ee3157d381,087be155d9def275a6d2c9ee3157d381,087be155d9def275a6d2c9ee3157d381,087be155d9def275a6d2c9ee3157d381,087be155d9def275a6d2c9ee3157d381,087be155d9def275a6d2c9ee3157d381,087be155d9def275a6d2c9ee3157d381,087be155d9def275a6d2c9ee3157d381,087be155d9def275a6d2c9ee3157d381,087be155d9def275a6d2c9ee3157d381,087be155d9def275a6d2c9ee3157d381,087be155d9def275a6d2c9ee3157d381,087be155d9def275a6d2c9ee3157d381,087be155d9def275a6d2c9ee3157d381,087be155d9def275a6d2c9ee3157d381,087be155d9def275a6d2c9ee3157d381,087be155d9def275a6d2c9ee3157d381,087be155d9def275a6d2c9ee3157d381,087be155d9def275a6d2c9ee3157d381,087be155d9def275a6d2c9ee3157d381,087be155d9def275a6d2c9ee3157d381,087be155d9def275a6d2c9ee3157d381,087be155d9def275a6d2c9ee3157d381,087be155d9def275a6d2c9ee3157d381,087be155d9def275a6d2c9ee3157d381,087be155d9def275a6d2c9ee3157d381,087be155d9def275a6d2c9ee3157d381,087be155d9def275a6d2c9ee3157d381,087be155d9def275a6d2c9ee3157d381,087be155d9def275a6d2c9ee3157d381,087be155d9def275a6d2c9ee3157d381,087be155d9def275a6d2c9ee3157d381,087be155d9def275a6d2c9ee3157d381,087be155d9def275a6d2c9ee3157d381,087be155d9def275a6d2c9ee3157d381,087be155d9def275a6d2c9ee3157d381,087be155d9def275a6d2c9ee3157d381,087be155d9def275a6d2c9ee3157d381,087be155d9def275a6d2c9ee3157d381,087be155d9def275a6d2c9ee3157d381,087be155d9def275a6d2c9ee3157d381,087be155d9def275a6d2c9ee3157d381,087be155d9def275a6d2c9ee3157d381,087be155d9def275a6d2c9ee3157d381,087be155d9def275a6d2c9ee3157d381,087be155d9def275a6d2c9ee3157d381,087be155d9def275a6d2c9ee3157d381,087be155d9def275a6d2c9ee3157d381,087be155d9def275a6d2c9ee3157d381,087be155d9def275a6d2c9ee3157d381,087be155d9def275a6d2c9ee3157d381,087be155d9def275a6d2c9ee3157d381,087be155d9def275a6d2c9ee3157d381,087be155d9def275a6d2c9ee3157d381,087be155d9def275a6d2c9ee3157d381,087be155d9def275a6d2c9ee3157d381,087be155d9def275a6d2c9ee3157d381,087be155d9def275a6d2c9ee3157d381,087be155d9def275a6d2c9ee3157d381,087be155d9def275a6d2c9ee3157d381,087be155d9def275a6d2c9ee3157d381,087be155d9def275a6d2c9ee3157d381,087be155d9def275a6d2c9ee3157d381,087be155d9def275a6d2c9ee3157d381,087be155d9def275a6d2c9ee3157d381,087be155d9def275a6d2c9ee3157d381,087be155d9def275a6d2c9ee3157d381,087be155d9def275a6d2c9ee3157d381
42750442f80c2032ad303cfeb9c647c02f004b097bb7b944eae147ea0af9c426,42750442f80c2032ad303cfeb9c647c02f004b097bb7b944eae147ea0af9c426,42750442f80c2032ad303cfeb9c647c02f004b097bb7b944eae147ea0af9c426,42750442f80c2032ad303cfeb9c647c02f004b097bb7b944eae147ea0af9c426,42750442f80c2032ad303cfeb9c647c02f004b097bb7b944eae147ea0af9c426,42750442f80c2032ad303cfeb9c647c02f004b097bb7b944eae147ea0af9c426,42750442f80c2032ad303cfeb9c647c02f004b097bb7b944eae147ea0af9c426,42750442f80c2032ad303cfeb9c647c02f004b097bb7b944eae147ea0af9c426,42750442f80c2032ad303cfeb9c647c02f004b097bb7b944eae147ea0af9c426,42750442f80c2032ad303cfeb9c647c02f004b097bb7b944eae147ea0af9c426,42750442f80c2032ad303cfeb9c647c02f004b097bb7b944eae147ea0af9c426,42750442f80c2032ad303cfeb9c647c02f004b097bb7b944eae147ea0af9c426,42750442f80c2032ad303cfeb9c647c02f004b097bb7b944eae147ea0af9c426,42750442f80c2032ad303cfeb9c647c02f004b097bb7b944eae147ea0af9c426,42750442f80c2032ad303cfeb9c647c02f004b097bb7b944eae147ea0af9c426,42750442f80c2032ad303cfeb9c647c02f004b097bb7b944eae147ea0af9c426,42750442f80c2032ad303cfeb9c647c02f004b097bb7b944eae147ea0af9c426,42750442f80c2032ad303cfeb9c647c02f004b097bb7b944eae147ea0af9c426,42750442f80c2032ad303cfeb9c647c02f004b097bb7b944eae147ea0af9c426,42750442f80c2032ad303cfeb9c647c02f004b097bb7b944eae147ea0af9c426,42750442f80c2032ad303cfeb9c647c02f004b097bb7b944eae147ea0af9c426,42750442f80c2032ad303cfeb9c647c02f004b097bb7b944eae147ea0af9c426,42750442f80c2032ad303cfeb9c647c02f004b097bb7b944eae147ea0af9c426,42750442f80c2032ad303cfeb9c647c02f004b097bb7b944eae147ea0af9c426,42750442f80c2032ad303cfeb9c647c02f004b097bb7b944eae147ea0af9c426,42750442f80c2032ad303cfeb9c647c02f004b097bb7b944eae147ea0af9c426,42750442f80c2032ad303cfeb9c647c02f004b097bb7b944eae147ea0af9c426,42750442f80c2032ad303cfeb9c647c02f004b097bb7b944eae147ea0af9c426,42750442f80c2032ad303cfeb9c647c02f004b097bb7b944eae147ea0af9c426,42750442f80c2032ad303cfeb9c647c02f004b097bb7b944eae147ea0af9c426,42750442f80c2032ad303cfeb9c647c02f004b097bb7b944eae147ea0af9c426,42750442f80c2032ad303cfeb9c647c02f004b097bb7b944eae147ea0af9c426,42750442f80c2032ad303cfeb9c647c02f004b097bb7b944eae147ea0af9c426,42750442f80c2032ad303cfeb9c647c02f004b097bb7b944eae147ea0af9c426,42750442f80c2032ad303cfeb9c647c02f004b097bb7b944eae147ea0af9c426,42750442f80c2032ad303cfeb9c647c02f004b097bb7b944eae147ea0af9c426,42750442f80c2032ad303cfeb9c647c02f004b097bb7b944eae147ea0af9c426,42750442f80c2032ad303cfeb9c647c02f004b097bb7b944eae147ea0af9c426,42750442f80c2032ad303cfeb9c647c02f004b097bb7b944eae147ea0af9c426,42750442f80c2032ad303cfeb9c647c02f004b097bb7b944eae147ea0af9c426,42750442f80c2032ad303cfeb9c647c02f004b097bb7b944eae147ea0af9c426,42750442f80c2032ad303cfeb9c647c02f004b097bb7b944eae147ea0af9c426,42750442f80c2032ad303cfeb9c647c02f004b097bb7b944eae147ea0af9c426,42750442f80c2032ad303cfeb9c647c02f004b097bb7b944eae147ea0af9c426,42750442f80c2032ad303cfeb9c647c02f004b097bb7b944eae147ea0af9c426,42750442f80c2032ad303cfeb9c647c02f004b097bb7b944eae147ea0af9c426,42750442f80c2032ad303cfeb9c647c02f004b097bb7b944eae147ea0af9c426,42750442f80c2032ad303cfeb9c647c02f004b097bb7b944eae147ea0af9c426,42750442f80c2032ad303cfeb9c647c02f004b097bb7b944eae147ea0af9c426,42750442f80c2032ad303cfeb9c647c02f004b097bb7b944eae147ea0af9c426,42750442f80c2032ad303cfeb9c647c02f004b097bb7b944eae147ea0af9c426,42750442f80c2032ad303cfeb9c647c02f004b097bb7b944eae147ea0af9c426,42750442f80c2032ad303cfeb9c647c02f004b097bb7b944eae147ea0af9c426,42750442f80c2032ad303cfeb9c647c02f004b097bb7b944eae147ea0af9c426,42750442f80c2032ad303cfeb9c647c02f004b097bb7b944eae147ea0af9c426,42750442f80c2032ad303cfeb9c647c02f004b097bb7b944eae147ea0af9c426,42750442f80c2032ad303cfeb9c647c02f004b097bb7b944eae147ea0af9c426,42750442f80c2032ad303cfeb9c647c02f004b097bb7b944eae147ea0af9c426,42750442f80c2032ad303cfeb9c647c02f004b097bb7b944eae147ea0af9c426,42750442f80c2032ad303cfeb9c647c02f004b097bb7b944eae147ea0af9c426,42750442f80c2032ad303cfeb9c647c02f004b097bb7b944eae147ea0af9c426,42750442f80c2032ad303cfeb9c647c02f004b097bb7b944eae147ea0af9c426,42750442f80c2032ad303cfeb9c647c02f004b097bb7b944eae147ea0af9c426,42750442f80c2032ad303cfeb9c647c02f004b097bb7b944eae147ea0af9c426,42750442f80c2032ad303cfeb9c647c02f004b097bb7b944eae147ea0af9c426,42750442f80c2032ad303cfeb9c647c02f004b097bb7b944eae147ea0af9c426,42750442f80c2032ad303cfeb9c647c02f004b097bb7b944eae147ea0af9c426,42750442f80c2032ad303cfeb9c647c02f004b097bb7b944eae147ea0af9c426,42750442f80c2032ad303cfeb9c647c02f004b097bb7b944eae147ea0af9c426,42750442f80c2032ad303cfeb9c647c02f004b097bb7b944eae147ea0af9c426,42750442f80c2032ad303cfeb9c647c02f004b097bb7b944eae147ea0af9c426,42750442f80c2032ad303cfeb9c647c02f004b097bb7b944eae147ea0af9c426,42750442f80c2032ad303cfeb9c647c02f004b097bb7b944eae147ea0af9c426,42750442f80c2032ad303cfeb9c647c02f004b097bb7b944eae147ea0af9c426,42750442f80c2032ad303cfeb9c647c02f004b097bb7b944eae147ea0af9c426,42750442f80c2032ad303cfeb9c647c02f004b097bb7b944eae147ea0af9c426,42750442f80c2032ad303cfeb9c647c02f004b097bb7b944eae147ea0af9c426,42750442f80c2032ad303cfeb9c647c02f004b097bb7b944eae147ea0af9c426,42750442f80c2032ad303cfeb9c647c02f004b097bb7b944eae147ea0af9c426,42750442f80c2032ad303cfeb9c647c02f004b097bb7b944eae147ea0af9c426,42750442f80c2032ad303cfeb9c647c02f004b097bb7b944eae147ea0af9c426,42750442f80c2032ad303cfeb9c647c02f004b097bb7b944eae147ea0af9c426,42750442f80c2032ad303cfeb9c647c02f004b097bb7b944eae147ea0af9c426,42750442f80c2032ad303cfeb9c647c02f004b097bb7b944eae147ea0af9c426,42750442f80c2032ad303cfeb9c647c02f004b097bb7b944eae147ea0af9c426,42750442f80c2032ad303cfeb9c647c02f004b097bb7b944eae147ea0af9c426,42750442f80c2032ad303cfeb9c647c02f004b097bb7b944eae147ea0af9c426,42750442f80c2032ad303cfeb9c647c02f004b097bb7b944eae147ea0af9c426,42750442f80c2032ad303cfeb9c647c02f004b097bb7b944eae147ea0af9c426,42750442f80c2032ad303cfeb9c647c02f004b097bb7b944eae147ea0af9c426,42750442f80c2032ad303cfeb9c647c02f004b097bb7b944eae147ea0af9c426,42750442f80c2032ad303cfeb9c647c02f004b097bb7b944eae147ea0af9c426,42750442f80c2032ad303cfeb9c647c02f004b097bb7b944eae147ea0af9c426,42750442f80c2032ad303cfeb9c647c02f004b097bb7b944eae147ea0af9c426,42750442f80c2032ad303cfeb9c647c02f004b097bb7b944eae147ea0af9c426,42750442f80c2032ad303cfeb9c647c02f004b097bb7b944eae147ea0af9c426,42750442f80c2032ad303cfeb9c647c02f004b097bb7b944eae147ea0af9c426,42750442f80c2032ad303cfeb9c647c02f004b097bb7b944eae147ea0af9c426,42750442f80c2032ad303cfeb9c647c02f004b097bb7b944eae147ea0af9c426,42750442f80c2032ad303cfeb9c647c02f004b097bb7b944eae147ea0af9c426,42750442f80c2032ad303cfeb9c647c02f004b097bb7b944eae147ea0af9c426,42750442f80c2032ad303cfeb9c647c02f004b097bb7b944eae147ea0af9c426,42750442f80c2032ad303cfeb9c647c02f004b097bb7b944eae147ea0af9c426,42750442f80c2032ad303cfeb9c647c02f004b097bb7b944eae147ea0af9c426,42750442f80c2032ad303cfeb9c647c02f004b097bb7b944eae147ea0af9c426,42750442f80c2032ad303cfeb9c647c02f004b097bb7b944eae147ea0af9c426,42750442f80c2032ad303cfeb9c647c02f004b097bb7b944eae147ea0af9c426,42750442f80c2032ad303cfeb9c647c02f004b097bb7b944eae147ea0af9c426,42750442f80c2032ad303cfeb9c647c02f004b097bb7b944eae147ea0af9c426,42750442f80c2032ad303cfeb9c647c02f004b097bb7b944eae147ea0af9c426,42750442f80c2032ad303cfeb9c647c02f004b097bb7b944eae147ea0af9c426,42750442f80c2032ad303cfeb9c647c02f004b097bb7b944eae147ea0af9c426,42750442f80c2032ad303cfeb9c647c02f004b097bb7b944eae147ea0af9c426,42750442f80c2032ad303cfeb9c647c02f004b097bb7b944eae147ea0af9c426,42750442f80c2032ad303cfeb9c647c02f004b097bb7b944eae147ea0af9c426,42750442f80c2032ad303cfeb9c647c02f004b097bb7b944eae147ea0af9c426,42750442f80c2032ad303cfeb9c647c02f004b097bb7b944eae147ea0af9c426,42750442f80c2032ad303cfeb9c647c02f004b097bb7b944eae147ea0af9c426,42750442f80c2032ad303cfeb9c647c02f004b097bb7b944eae147ea0af9c426,42750442f80c2032ad303cfeb9c647c02f004b097bb7b944eae147ea0af9c426,42750442f80c2032ad303cfeb9c647c02f004b097bb7b944eae147ea0af9c426,42750442f80c2032ad303cfeb9c647c02f004b097bb7b944eae147ea0af9c426,42750442f80c2032ad303cfeb9c647c02f004b097bb7b944eae147ea0af9c426,42750442f80c2032ad303cfeb9c647c02f004b097bb7b944eae147ea0af9c426,42750442f80c2032ad303cfeb9c647c02f004b097bb7b944eae147ea0af9c426,42750442f80c2032ad303cfeb9c647c02f004b097bb7b944eae147ea0af9c426,42750442f80c2032ad303cfeb9c647c02f004b097bb7b944eae147ea0af9c426,42750442f80c2032ad303cfeb9c647c02f004b097bb7b944eae147ea0af9c426,42750442f80c2032ad303cfeb9c647c02f004b097bb7b944eae147ea0af9c426,42750442f80c2032ad303cfeb9c647c02f004b097bb7b944eae147ea0af9c426
c:\Windows\System32\DriverStore\FileRepository\input.inf_amd64_d17a8a85b373cf4b\hidclass.sys,c:\Windows\System32\DriverStore\FileRepository\input.inf_amd64_d17a8a85b373cf4b\hidclass.sys,c:\Windows\System32\DriverStore\FileRepository\input.inf_amd64_d17a8a85b373cf4b\hidclass.sys,c:\Windows\System32\DriverStore\FileRepository\input.inf_amd64_d17a8a85b373cf4b\hidclass.sys,c:\Windows\System32\DriverStore\FileRepository\input.inf_amd64_d17a8a85b373cf4b\hidclass.sys,c:\Windows\System32\DriverStore\FileRepository\input.inf_amd64_d17a8a85b373cf4b\hidclass.sys,c:\Windows\System32\DriverStore\FileRepository\input.inf_amd64_d17a8a85b373cf4b\hidclass.sys,c:\Windows\System32\DriverStore\FileRepository\input.inf_amd64_d17a8a85b373cf4b\hidclass.sys,c:\Windows\System32\DriverStore\FileRepository\input.inf_amd64_d17a8a85b373cf4b\hidclass.sys,c:\Windows\System32\DriverStore\FileRepository\input.inf_amd64_d17a8a85b373cf4b\hidclass.sys,c:\Windows\System32\DriverStore\FileRepository\input.inf_amd64_d17a8a85b373cf4b\hidclass.sys,c:\Windows\System32\DriverStore\FileRepository\input.inf_amd64_d17a8a85b373cf4b\hidclass.sys,c:\Windows\System32\DriverStore\FileRepository\input.inf_amd64_d17a8a85b373cf4b\hidclass.sys,c:\Windows\System32\DriverStore\FileRepository\input.inf_amd64_d17a8a85b373cf4b\hidclass.sys,c:\Windows\System32\DriverStore\FileRepository\input.inf_amd64_d17a8a85b373cf4b\hidclass.sys,c:\Windows\System32\DriverStore\FileRepository\input.inf_amd64_d17a8a85b373cf4b\hidclass.sys,c:\Windows\System32\DriverStore\FileRepository\input.inf_amd64_d17a8a85b373cf4b\hidclass.sys,c:\Windows\System32\DriverStore\FileRepository\input.inf_amd64_d17a8a85b373cf4b\hidclass.sys,c:\Windows\System32\DriverStore\FileRepository\input.inf_amd64_d17a8a85b373cf4b\hidclass.sys,c:\Windows\System32\DriverStore\FileRepository\input.inf_amd64_d17a8a85b373cf4b\hidclass.sys,c:\Windows\System32\DriverStore\FileRepository\input.inf_amd64_d17a8a85b373cf4b\hidclass.sys,c:\Windows\System32\DriverStore\FileRepository\input.inf_amd64_d17a8a85b373cf4b\hidclass.sys,c:\Windows\System32\DriverStore\FileRepository\input.inf_amd64_d17a8a85b373cf4b\hidclass.sys,c:\Windows\System32\DriverStore\FileRepository\input.inf_amd64_d17a8a85b373cf4b\hidclass.sys,c:\Windows\System32\DriverStore\FileRepository\input.inf_amd64_d17a8a85b373cf4b\hidclass.sys,c:\Windows\System32\DriverStore\FileRepository\input.inf_amd64_d17a8a85b373cf4b\hidclass.sys,c:\Windows\System32\DriverStore\FileRepository\input.inf_amd64_d17a8a85b373cf4b\hidclass.sys,c:\Windows\System32\DriverStore\FileRepository\input.inf_amd64_d17a8a85b373cf4b\hidclass.sys,c:\Windows\System32\DriverStore\FileRepository\input.inf_amd64_d17a8a85b373cf4b\hidclass.sys,c:\Windows\System32\DriverStore\FileRepository\input.inf_amd64_d17a8a85b373cf4b\hidclass.sys,c:\Windows\System32\DriverStore\FileRepository\input.inf_amd64_d17a8a85b373cf4b\hidclass.sys,c:\Windows\System32\DriverStore\FileRepository\input.inf_amd64_d17a8a85b373cf4b\hidclass.sys,c:\Windows\System32\DriverStore\FileRepository\input.inf_amd64_d17a8a85b373cf4b\hidclass.sys,c:\Windows\System32\DriverStore\FileRepository\input.inf_amd64_d17a8a85b373cf4b\hidclass.sys,c:\Windows\System32\DriverStore\FileRepository\input.inf_amd64_d17a8a85b373cf4b\hidclass.sys,c:\Windows\System32\DriverStore\FileRepository\input.inf_amd64_d17a8a85b373cf4b\hidclass.sys,c:\Windows\System32\DriverStore\FileRepository\input.inf_amd64_d17a8a85b373cf4b\hidclass.sys,c:\Windows\System32\DriverStore\FileRepository\input.inf_amd64_d17a8a85b373cf4b\hidclass.sys,c:\Windows\System32\DriverStore\FileRepository\input.inf_amd64_d17a8a85b373cf4b\hidclass.sys,c:\Windows\System32\DriverStore\FileRepository\input.inf_amd64_d17a8a85b373cf4b\hidclass.sys,c:\Windows\System32\DriverStore\FileRepository\input.inf_amd64_d17a8a85b373cf4b\hidclass.sys,c:\Windows\System32\DriverStore\FileRepository\input.inf_amd64_d17a8a85b373cf4b\hidclass.sys,c:\Windows\System32\DriverStore\FileRepository\input.inf_amd64_d17a8a85b373cf4b\hidclass.sys,c:\Windows\System32\DriverStore\FileRepository\input.inf_amd64_d17a8a85b373cf4b\hidclass.sys,c:\Windows\System32\DriverStore\FileRepository\input.inf_amd64_d17a8a85b373cf4b\hidclass.sys,c:\Windows\System32\DriverStore\FileRepository\input.inf_amd64_d17a8a85b373cf4b\hidclass.sys,c:\Windows\System32\DriverStore\FileRepository\input.inf_amd64_d17a8a85b373cf4b\hidclass.sys,c:\Windows\System32\DriverStore\FileRepository\input.inf_amd64_d17a8a85b373cf4b\hidclass.sys,c:\Windows\System32\DriverStore\FileRepository\input.inf_amd64_d17a8a85b373cf4b\hidclass.sys,c:\Windows\System32\DriverStore\FileRepository\input.inf_amd64_d17a8a85b373cf4b\hidclass.sys,c:\Windows\System32\DriverStore\FileRepository\input.inf_amd64_d17a8a85b373cf4b\hidclass.sys,c:\Windows\System32\DriverStore\FileRepository\input.inf_amd64_d17a8a85b373cf4b\hidclass.sys,c:\Windows\System32\DriverStore\FileRepository\input.inf_amd64_d17a8a85b373cf4b\hidclass.sys,c:\Windows\System32\DriverStore\FileRepository\input.inf_amd64_d17a8a85b373cf4b\hidclass.sys,c:\Windows\System32\DriverStore\FileRepository\input.inf_amd64_d17a8a85b373cf4b\hidclass.sys,c:\Windows\System32\DriverStore\FileRepository\input.inf_amd64_d17a8a85b373cf4b\hidclass.sys,c:\Windows\System32\DriverStore\FileRepository\input.inf_amd64_d17a8a85b373cf4b\hidclass.sys,c:\Windows\System32\DriverStore\FileRepository\input.inf_amd64_d17a8a85b373cf4b\hidclass.sys,c:\Windows\System32\DriverStore\FileRepository\input.inf_amd64_d17a8a85b373cf4b\hidclass.sys,c:\Windows\System32\DriverStore\FileRepository\input.inf_amd64_d17a8a85b373cf4b\hidclass.sys,c:\Windows\System32\DriverStore\FileRepository\input.inf_amd64_d17a8a85b373cf4b\hidclass.sys,c:\Windows\System32\DriverStore\FileRepository\input.inf_amd64_d17a8a85b373cf4b\hidclass.sys,c:\Windows\System32\DriverStore\FileRepository\input.inf_amd64_d17a8a85b373cf4b\hidclass.sys,c:\Windows\System32\DriverStore\FileRepository\input.inf_amd64_d17a8a85b373cf4b\hidclass.sys,c:\Windows\System32\DriverStore\FileRepository\input.inf_amd64_d17a8a85b373cf4b\hidclass.sys,c:\Windows\System32\DriverStore\FileRepository\input.inf_amd64_d17a8a85b373cf4b\hidclass.sys,c:\Windows\System32\DriverStore\FileRepository\input.inf_amd64_d17a8a85b373cf4b\hidclass.sys,c:\Windows\System32\DriverStore\FileRepository\input.inf_amd64_d17a8a85b373cf4b\hidclass.sys,c:\Windows\System32\DriverStore\FileRepository\input.inf_amd64_d17a8a85b373cf4b\hidclass.sys,c:\Windows\System32\DriverStore\FileRepository\input.inf_amd64_d17a8a85b373cf4b\hidclass.sys,c:\Windows\System32\DriverStore\FileRepository\input.inf_amd64_d17a8a85b373cf4b\hidclass.sys,c:\Windows\System32\DriverStore\FileRepository\input.inf_amd64_d17a8a85b373cf4b\hidclass.sys,c:\Windows\System32\DriverStore\FileRepository\input.inf_amd64_d17a8a85b373cf4b\hidclass.sys,c:\Windows\System32\DriverStore\FileRepository\input.inf_amd64_d17a8a85b373cf4b\hidclass.sys,c:\Windows\System32\DriverStore\FileRepository\input.inf_amd64_d17a8a85b373cf4b\hidclass.sys,c:\Windows\System32\DriverStore\FileRepository\input.inf_amd64_d17a8a85b373cf4b\hidclass.sys,c:\Windows\System32\DriverStore\FileRepository\input.inf_amd64_d17a8a85b373cf4b\hidclass.sys,c:\Windows\System32\DriverStore\FileRepository\input.inf_amd64_d17a8a85b373cf4b\hidclass.sys,c:\Windows\System32\DriverStore\FileRepository\input.inf_amd64_d17a8a85b373cf4b\hidclass.sys,c:\Windows\System32\DriverStore\FileRepository\input.inf_amd64_d17a8a85b373cf4b\hidclass.sys,c:\Windows\System32\DriverStore\FileRepository\input.inf_amd64_d17a8a85b373cf4b\hidclass.sys,c:\Windows\System32\DriverStore\FileRepository\input.inf_amd64_d17a8a85b373cf4b\hidclass.sys,c:\Windows\System32\DriverStore\FileRepository\input.inf_amd64_d17a8a85b373cf4b\hidclass.sys,c:\Windows\System32\DriverStore\FileRepository\input.inf_amd64_d17a8a85b373cf4b\hidclass.sys,c:\Windows\System32\DriverStore\FileRepository\input.inf_amd64_d17a8a85b373cf4b\hidclass.sys,c:\Windows\System32\DriverStore\FileRepository\input.inf_amd64_d17a8a85b373cf4b\hidclass.sys,c:\Windows\System32\DriverStore\FileRepository\input.inf_amd64_d17a8a85b373cf4b\hidclass.sys,c:\Windows\System32\DriverStore\FileRepository\input.inf_amd64_d17a8a85b373cf4b\hidclass.sys,c:\Windows\System32\DriverStore\FileRepository\input.inf_amd64_d17a8a85b373cf4b\hidclass.sys,c:\Windows\System32\DriverStore\FileRepository\input.inf_amd64_d17a8a85b373cf4b\hidclass.sys,c:\Windows\System32\DriverStore\FileRepository\input.inf_amd64_d17a8a85b373cf4b\hidclass.sys,c:\Windows\System32\DriverStore\FileRepository\input.inf_amd64_d17a8a85b373cf4b\hidclass.sys,c:\Windows\System32\DriverStore\FileRepository\input.inf_amd64_d17a8a85b373cf4b\hidclass.sys,c:\Windows\System32\DriverStore\FileRepository\input.inf_amd64_d17a8a85b373cf4b\hidclass.sys,c:\Windows\System32\DriverStore\FileRepository\input.inf_amd64_d17a8a85b373cf4b\hidclass.sys,c:\Windows\System32\DriverStore\FileRepository\input.inf_amd64_d17a8a85b373cf4b\hidclass.sys,c:\Windows\System32\DriverStore\FileRepository\input.inf_amd64_d17a8a85b373cf4b\hidclass.sys,c:\Windows\System32\DriverStore\FileRepository\input.inf_amd64_d17a8a85b373cf4b\hidclass.sys,c:\Windows\System32\DriverStore\FileRepository\input.inf_amd64_d17a8a85b373cf4b\hidclass.sys,c:\Windows\System32\DriverStore\FileRepository\input.inf_amd64_d17a8a85b373cf4b\hidclass.sys,c:\Windows\System32\DriverStore\FileRepository\input.inf_amd64_d17a8a85b373cf4b\hidclass.sys,c:\Windows\System32\DriverStore\FileRepository\input.inf_amd64_d17a8a85b373cf4b\hidclass.sys,c:\Windows\System32\DriverStore\FileRepository\input.inf_amd64_d17a8a85b373cf4b\hidclass.sys,c:\Windows\System32\DriverStore\FileRepository\input.inf_amd64_d17a8a85b373cf4b\hidclass.sys,c:\Windows\System32\DriverStore\FileRepository\input.inf_amd64_d17a8a85b373cf4b\hidclass.sys,c:\Windows\System32\DriverStore\FileRepository\input.inf_amd64_d17a8a85b373cf4b\hidclass.sys,c:\Windows\System32\DriverStore\FileRepository\input.inf_amd64_d17a8a85b373cf4b\hidclass.sys,c:\Windows\System32\DriverStore\FileRepository\input.inf_amd64_d17a8a85b373cf4b\hidclass.sys,c:\Windows\System32\DriverStore\FileRepository\input.inf_amd64_d17a8a85b373cf4b\hidclass.sys,c:\Windows\System32\DriverStore\FileRepository\input.inf_amd64_d17a8a85b373cf4b\hidclass.sys,c:\Windows\System32\DriverStore\FileRepository\input.inf_amd64_d17a8a85b373cf4b\hidclass.sys,c:\Windows\System32\DriverStore\FileRepository\input.inf_amd64_d17a8a85b373cf4b\hidclass.sys,c:\Windows\System32\DriverStore\FileRepository\input.inf_amd64_d17a8a85b373cf4b\hidclass.sys,c:\Windows\System32\DriverStore\FileRepository\input.inf_amd64_d17a8a85b373cf4b\hidclass.sys,c:\Windows\System32\DriverStore\FileRepository\input.inf_amd64_d17a8a85b373cf4b\hidclass.sys,c:\Windows\System32\DriverStore\FileRepository\input.inf_amd64_d17a8a85b373cf4b\hidclass.sys,c:\Windows\System32\DriverStore\FileRepository\input.inf_amd64_d17a8a85b373cf4b\hidclass.sys,c:\Windows\System32\DriverStore\FileRepository\input.inf_amd64_d17a8a85b373cf4b\hidclass.sys,c:\Windows\System32\DriverStore\FileRepository\input.inf_amd64_d17a8a85b373cf4b\hidclass.sys,c:\Windows\System32\DriverStore\FileRepository\input.inf_amd64_d17a8a85b373cf4b\hidclass.sys,c:\Windows\System32\DriverStore\FileRepository\input.inf_amd64_d17a8a85b373cf4b\hidclass.sys,c:\Windows\System32\DriverStore\FileRepository\input.inf_amd64_d17a8a85b373cf4b\hidclass.sys,c:\Windows\System32\DriverStore\FileRepository\input.inf_amd64_d17a8a85b373cf4b\hidclass.sys,c:\Windows\System32\DriverStore\FileRepository\input.inf_amd64_d17a8a85b373cf4b\hidclass.sys,c:\Windows\System32\DriverStore\FileRepository\input.inf_amd64_d17a8a85b373cf4b\hidclass.sys,c:\Windows\System32\DriverStore\FileRepository\input.inf_amd64_d17a8a85b373cf4b\hidclass.sys,c:\Windows\System32\DriverStore\FileRepository\input.inf_amd64_d17a8a85b373cf4b\hidclass.sys,c:\Windows\System32\DriverStore\FileRepository\input.inf_amd64_d17a8a85b373cf4b\hidclass.sys,c:\Windows\System32\DriverStore\FileRepository\input.inf_amd64_d17a8a85b373cf4b\hidclass.sys,c:\Windows\System32\DriverStore\FileRepository\input.inf_amd64_d17a8a85b373cf4b\hidclass.sys
