9112243,9112242,9112241,9112239,9112238,9112237,9112236,9112234,9112233,9112232,9112231,9112230,9112229,9112228,9112226,9112225,9112224,9112223,9112221,9112220,9112219,9112218,9112217,9112216,9112215,9112214,9112213,9112212,9112210,9112209,9112208,9112207,9112205,9112204,9112203,9112202,9112201,9112200,9112199,9112198,9112197,9112196,9112195,9112194,9112193,9112192,9112191,9112190,9112189,9112188,9112187,9112186,9112185,9112184,9112183,9112182,9112181,9112180,9112179,9112178,9112177,9112176,9112175,9112174,9112173,9112172,9112171,9112170,9112169,9112168,9112167,9112166,9112164,9112163,9112161,9112159,9112158,9112156,9112154,9112153,9112152,9112151,9112150,9112149,9112148,9112147,9112146,9112145,9112144,9112143,9112140,9112139,9112138,9112136,9112135,9112134,9112133,9112132,9112131,9112129,9112128,9112127,9112126,9112125
comment,story,comment,comment,comment,comment,comment,comment,story,story,comment,comment,comment,story,story,story,comment,comment,story,comment,comment,story,comment,comment,comment,comment,comment,comment,comment,story,story,comment,comment,story,comment,comment,story,comment,comment,story,story,comment,comment,comment,comment,comment,story,story,comment,comment,comment,comment,comment,comment,story,comment,comment,comment,comment,story,comment,story,story,story,comment,story,story,comment,comment,story,comment,comment,story,story,comment,comment,comment,story,comment,story,comment,comment,comment,comment,comment,comment,comment,story,comment,comment,comment,story,story,comment,story,comment,comment,comment,comment,comment,comment,comment,comment,comment
9112094.0,,9112197.0,9111849.0,9111849.0,9112197.0,9106550.0,9111310.0,,,9112176.0,9111866.0,9108628.0,,,,9111958.0,9111880.0,,9111447.0,9112197.0,,9111310.0,9111866.0,9110288.0,9093577.0,9109956.0,9111074.0,9109801.0,,,9111866.0,9105803.0,,9111849.0,9103150.0,,9111445.0,9111690.0,,,9111866.0,9111310.0,9111447.0,9111866.0,9109775.0,,,9111866.0,9109225.0,9108209.0,9111310.0,9110793.0,9111310.0,,9111866.0,9106536.0,9109924.0,9111310.0,,9111849.0,,,,9111690.0,,,9111447.0,9107223.0,,9111690.0,9111310.0,,,9111876.0,9111690.0,9106497.0,,9111310.0,,9111690.0,9111445.0,9109801.0,9111849.0,9108209.0,9107496.0,9111445.0,,9106511.0,9107147.0,9100107.0,,,9111690.0,,9108628.0,9109775.0,9109924.0,9111447.0,9112073.0,9108231.0,9111690.0,9109038.0,9111445.0
9112094.0,,9112197.0,9112177.0,9112177.0,9112197.0,9110917.0,9111884.0,,,9112176.0,9111866.0,9108628.0,,,,9111958.0,9112115.0,,9112069.0,9112197.0,,9111856.0,9111866.0,9111710.0,9093577.0,9109956.0,9111074.0,9109801.0,,,9112189.0,9111960.0,,9111849.0,9103150.0,,9112151.0,9112033.0,,,9112182.0,9111867.0,9111534.0,9112182.0,9109775.0,,,9111866.0,9109225.0,9111007.0,9112154.0,9111670.0,9111893.0,,9111866.0,9106536.0,9110146.0,9111695.0,,9111849.0,,,,9112054.0,,,9111447.0,9109850.0,,9112012.0,9111310.0,,,9111876.0,9112080.0,9107718.0,,9111855.0,,9112015.0,9112117.0,9111959.0,9111954.0,9110154.0,9109978.0,9111445.0,,9111606.0,9108768.0,9105635.0,,,9111999.0,,9111165.0,9110341.0,9111580.0,9111727.0,9112073.0,9111330.0,9112057.0,9109038.0,9111970.0
0,4,0,0,0,0,0,0,1,2,0,0,0,1,1,2,0,0,1,0,0,3,0,0,0,0,0,0,0,14,2,0,0,1,0,0,1,0,0,1,14,0,0,0,0,0,1,2,0,0,0,0,0,0,1,0,0,0,0,2,0,8,1,1,0,2,1,0,0,1,0,0,2,1,0,0,0,3,0,2,0,0,0,0,0,0,0,506,0,0,0,128,1,0,4,0,0,0,0,0,0,0,0,0
0,0,0,0,0,0,0,0,0,0,0,0,0,0,0,0,0,0,0,0,0,0,0,0,0,0,0,0,0,3,0,0,0,0,0,0,0,0,0,0,14,0,0,0,0,0,0,0,0,0,0,0,0,0,0,0,0,0,0,0,0,3,0,0,0,0,0,0,0,0,0,0,0,0,0,0,0,0,0,0,0,0,0,0,0,0,0,136,0,0,0,34,0,0,0,0,0,0,0,0,0,0,0,0
plaes,graghav,right2roam,callum85,randunel,anon1385,PeterWhittaker,michaelt,mofosyne,oskarth,ymra,zvikara,tempodox,simulatereality,franzpeterstein,simulatereality,right2roam,dalke,taha-sh,raverbashing,itamarhaber,jeremynixon,kasey_junk,ptype,right2roam,markoolio11,jscheel,doczoidberg,chrisseaton,mrmrs,mrmrs,crdoconnor,pjmlp,mrmrs,mobiplayer,maxerickson,alexvoica,seanmcdirmid,icebraining,kiosan,marcuscog,SixSigma,kasey_junk,pixelambacht,crdoconnor,chrisBob,hk__2,phn,rondon2,TazeTSchnitzel,arethuza,kasey_junk,hga,bmj,achairapart,rtpg,mjklin,IanCal,kasey_junk,Jarlakxen,SixSigma,yitchelle,didgeoridoo,Duskic,Thimothy,vimarethomas,appbot,phaemon,Flimm,benlue,unicornporn,kasey_junk,remotesynth,lmedinas,AdrianRossouw,hawski,Incredulous42,malfario,nsb1,rossiben,actsasbuffoon,TorKlingberg,stdbrouw,alandarev,swah,piqufoh,happyscrappy,th0br0,empthought,lil_cain,Freaky,akoenig,techstrategist,unicornporn,furagu,phaemon,andyjohnson0,therealidiot,pixelambacht,mtrimpe,rfdave,fpgeek,ChartsNGraffs,your_ai_manager
,OpenWorm – Building the first digital life form,,,,,,,Anybody dealing with the VID/PID USB issue for small open source projects?,A Brief Ode to Blank Paper,,,,Will Software Machines Dream?,How to fix the Internet economy,A Double Act – A Tale of Two Virtual Machines,,,Learn a Nice Trick in PHP: Use Objects as Arrays,,,The Downvoted,,,,,,,,Shade – CSS gradient generator,Colorable,,,Accessible color combinations for prototyping,,,Imagination details super-GPU for affordable game consoles,,,Twitter Love and F-bomb dynamic heat maps,“We assumed every user had an IQ greater than 42”,,,,,,Show HN: Command-not-found script for OS X with Homebrew,The jam effect,,,,,,,Geospace – Unusual prototype made in Webflow,,,,,Announcing Pulsar: Real-Time Analytics at Scale,,Felony murder: why a teenager who didn't kill anyone faces 55 years in jail,Leading Without Coding,Domain availability checks with JavaScript,,Följ – A beautiful way to explore all your photo stream. In one place,Selling Your App? 10 Questions You’ll Need Answered,,,Newsql for Node.js: the best of both worlds?,,,Android Permissions Explained,Google Play Revenue Surpasses iOS in Germany,,,,The Ultimate Productivity Hack to Make Today a Good Workday,,Do you know how much you're worth online?,,,,,,,,A girl who gets gifts from birds,,,,Building Microservices: Free Ebook from O’Reilly and NGINX,Ask HN: Link to measurement scale of startup disruption?,,Easy-gd: simplified libgd bindings for Node.js,,,,,,,,,
,http://www.openworm.org/,,,,,,,,https://tjzager.wordpress.com/2015/02/25/a-brief-ode-to-blank-paper/,,,,http://www.slideshare.net/WilliamLouth/ams-techmeetup23feb2015,http://scripting.com/2015/02/24/howToFixTheInternetEconomy.html,http://www.slideshare.net/WilliamLouth/a-doubleactvol1issue1,,,http://taha-sh.com/blog/php-bites-objects-as-arrays,,,http://ahistoryofthefuture.org/the-downvoted/,,,,,,,,http://jxnblk.com/shade,http://jxnblk.com/colorable,,,http://clrs.cc/a11y/,,,http://blog.imgtec.com/powervr/powervr-gt7900-redefining-performance-efficiency,,,http://vertabox.com/projects/love-you-vs-fuck-you/compare?date=2015-02-25,https://github.com/antirez/redis/issues/2253,,,,,,https://github.com/bfontaine/homebrew-command-not-found#homebrew-command-not-found,https://medium.com/@jrrt/the-jam-effect-b5e1229e1ca9,,,,,,,http://geospace.webflow.com/,,,,,http://www.ebaytechblog.com/2015/02/23/announcing-pulsar-real-time-analytics-at-scale/#.VO8Q0nVGjUZ,,http://www.theguardian.com/us-news/2015/feb/26/felony-murder-teenager-55-years-jail-indiana,https://medium.com/@schildkrout/leading-without-coding-dd2da1fc37d8,http://whoapi.com/blog/1676/domain-availability-checks-with-javascript/#.VO8Qn6JWxEo.hackernews,,http://www.folj.me,https://appbot.co/blog/selling-your-app-10-questions-you-ll-need-answered,,,https://github.com/benlue/newsql,,,http://developer.telerik.com/featured/android-permissions-explained/,http://blog.appannie.com/google-plays-rapid-rise-in-germany/,,,,http://blog.piesync.com/the-ultimate-productivity-hack-to-make-today-a-good-workday/,,http://www.information-age.com/industry/uk-industry/123459086/do-you-know-how-much-youre-worth-online,,,,,,,,http://m.bbc.com/news/magazine-31604026?fb_ref=Default,,,,http://nginx.com/blog/building-microservices-free-ebook-oreilly-nginx/,,,https://www.npmjs.com/package/easy-gd,,,,,,,,,
"Oh well, <a href=""http://linux-sunxi.org/GPL_Violations"" rel=""nofollow"">http://linux-sunxi.org/GPL_Violations</a>",,"Ah this takes me back. Many years ago, contributed to a few Ruby libraries, life was good. Then Rails hit their first RC post 0.13, and a new set of self-important developers rocked up, demanding all of your attention to add their demanded features, to receive their abuse as to why something worked as documented, and not how they thought it should.<p>There is a cadre of developers, and I use the word lightly, who Willl rock up and suck the fun out of your open source projects. Beware of them!",Who is downvoting this? Could you comment and explain why?,"So... I think Facebook has at least one unenforceable patent in my country.<p>There, I may no longer use their code :D",Another textbook example of the toxicity of the open source &quot;community&quot;.,"I&#x27;m not sure I&#x27;m at liberty to cite explicitly another example, but I will allude to it: At the time when only 512-bit-RSA was permitted for general export, export a 1024-bit-RSA based system by ensuring that each time public key encryption is performed, a 512-bit key pair is generated, the wrapped symmetric key included with the payload, and the 512-bit key pair discarded.<p>Removed in later versions, AFAIK, as regulations relaxed, e.g., with the advent of Wassenaar.","<p><pre><code>  no pseudocode allowed. I&#x27;m not sure why you \n  should want that....\n</code></pre>\nSome interview candidates, when invited to write pseudocode, will write pseudocode imprecise enough that you can&#x27;t tell if they will make good programmers.<p>For example, if a candidate is asked to write a bubble sort and they write: Take the input array, go through every element comparing it to the one after it and, if they&#x27;re in the wrong order, swap them. Repeat until you get through without any swaps.<p>Did I see the candidate think about off-by-one errors, like missing the last item or exceeding the array&#x27;s bounds? Did the candidate think about common edge cases, like zero-item and one-item arrays? Did the candidate think about whether the function would work if the array contained two identical entries? Did the candidate check their loop will eventually terminate? Does the candidate know how to write a working computer program, rather than describing an algorithm in vague terms?<p>With the pseudocode answer I can&#x27;t tell if the candidate did those things, because the solution doesn&#x27;t show me what I need to see. And yet, if you&#x27;ve asked them to use pseudocode, they&#x27;ve done exactly what you asked of them.<p>That&#x27;s why my preference is to say &quot;use a real language and tell me the tests you&#x27;d perform on it, but I&#x27;m not fussed about semicolons and exact names of library functions.&quot; - it tends to get you a solution that lets you tell if the candidate knows how to program.","Anyone dealing with the VID/PID issue for opensource projects?\nE.g. Start a Open Serial Bus org perhaps to highjack some abandoned VID spaces?<p>--------<p>If I recall, USB-IF is pretty hostile to small players distributing only a few products like open sourced projects.<p>I wonder if there has been any progress in this matter. If not... then has there been any efforts to at least hijack a VID space from a dead company, and coordinate the distribution of the PID numbers for open sourced projects.<p>On dealing with the USB markings, is it possible to perhaps design a logo that is different enough from the logo USB, but is distinct enough to not be a legal concern?<p>If so, then we should call this logo &quot;Open Serial Bus&quot;, maybe the shape of the logo could be a silhouette of a usb plug, but superimposed over the open hardware lock&gears.<p>----<p>While we are at it, might be also nice to provide a consistent method for non-standard signals to interface with such &quot;Open Serial Bus&quot; devices. E.g. I saw some phone re-purposed the micro usb connectors to enable or output TTL serial pin outs in place of D+ & D- with a special signal to the ID pin. Sounds very useful. (In that particular case, perhaps a one wire eeprom with baud rate settings might be helpful on the ID pin)<p>-------<p>Btw &quot;Open Serial Bus&quot; does not mean USB. It is OSB. Especially since such org cannot provide guarantees that USB-IF wouldn&#x27;t do anything to cause trouble (e.g. reissuing a revoked VID/PID pair). And trademark wise, it is OSB, not USB, and thus is not likely to be confused by consumers (Especially if the logo is kept distinct).<p>You should also have a strict admittance system to ensure only open source projects are included (at the very least to reduce the incentive for USB-IF to take additional offensive measures).<p>There is precedence for this however. If you recall about i2c, other companies decide to call compatible implementations as TWI (two wire interface) to avoid paying licencing fees.<p>USB-IF will not be losing money from this however, since if you are making a normal commercial product (with sizable number of items to sell), you ought to fork up the fee to USB-IF to ensure your product is kosher anyway.<p>tl;dr: Open, but not Universal. But better than the alternative of forking up $5k for a small open source product.",,"If you&#x27;re going to be sentenced as if you&#x27;d killed someone, even though you didn&#x27;t, then you&#x27;ve got nothing to lose by actually killing someone.<p>Not the most sensible law ever created.","For context, the author Rob Conery wrote SubSonic - one on the first opensource ORM for .Net which was very popular at the time. <a href=""http://en.wikipedia.org/wiki/SubSonic_(software)"" rel=""nofollow"">http://en.wikipedia.org/wiki/SubSonic_(software)</a>","This article shows beautifully how this is all just random.  Of course it helps to be an enterprising person with an optimistic outlook.  Failures are far too normal to be impressed by them.<p>But seriously, who is really able to tell which extravagant nice-to-have (or even too-ridiculous-to-be-wanted) will be next week&#x27;s must-have?  If there was a way to find that out, we finally would have understood humanity.<p>So cheers to all with above-average stats at guessing who will be the next big Dollar Sign.",,,,"Looks good. Quick note - tried to view the module index;\n<a href=""http://interactivepython.org/runestone/static/pythonds/py-modindex.html"" rel=""nofollow"">http://interactivepython.org/runestone/static/pythonds/py-mo...</a><p>But it is returning an error at the moment!","Didn&#x27;t realize it was you both times.<p>I recognized the posts. The packing one was only last week, and this DNS Legend one, while older, was written by someone I know.<p>When that happens, I go to the search link at the bottom of HN, and look for the title, or use the key words. That finds the hits. I then check to see if there were many comments.<p>The FAQ says &quot;If a story has had significant attention in the last year or so, we kill reposts as duplicates. If not, a small number of reposts is ok.&quot;<p>Duplicate posts are hard to detect. The packing one from last week has a tracer on it, as &quot;?src=hn&quot;, so the URL is different than the one you submitted. Also, due to the vagaries of voting, sometimes the moderators think a post didn&#x27;t get the notice it should have, and don&#x27;t weed out duplicates even if there haven&#x27;t (yet) been any comments. There&#x27;s also a problem if a dozen sources report the same topic, like when Citizenfour recently won the Academy Award.",,Synergistic wasn&#x27;t censored in my case (but leverage was),Shocking news - half the population is <i></i>BELOW<i></i> average IQ,,"This is largely what I always recommend.<p>- Conversation about the company/position, not even a screen, usually more of a sales job, but done by someone who can answer actual real on the ground questions about the position and the hiring process.<p>- Standard take home programming problem.<p>- Code review session.<p>That is all.  My own personal bias has come down on the code review session isn&#x27;t actually important either, but I get looked at like I have 3 heads when I suggest 0 interview style settings in a hiring pipeline.","Even though I think it&#x27;s important for developers to have some understanding of the underlying SQL, I still believe a good ORM can save time and make code more readable. I think SQLAlchemy does a good job here - and it&#x27;s close enough to SQL such that you are typically not surprised by the SQL it produces.<p>For more complicated queries, I often hand write them in SQL first and then translate them into SQLAlchemy&#x27;s methods. It&#x27;s still worth it, since it&#x27;s both easier to build dynamic queries (e.g. dynamic WHERE clauses) and it makes the parameterisation trivial.<p>My problem with stored procedures is that you can end up with a lot of business code in the db.","I appreciate a few obnoxious folk might appear from time to time, as they do in all public places, but I think it is good they published this, and hopefully it will encourage more folk to do the riverside walks and explore London beyond the usual tourist, consumer and work zones.\nOn a separate note - if any Guardian devs are reading HN these days - what happened to your site? Drowning in JS incontinence, so much so that instead of responsive design, you now have non-responsive design. KISS is not just a band, but a way to think about design and software engineering!","There is no Uber for prostitution, because app stores do not allow such apps.\nWikisexguide ( <a href=""http://www.wikisexguide.com"" rel=""nofollow"">http://www.wikisexguide.com</a> ) is an site online that finds escorts and street prostitutes from the city you type in to the search box, but currently they do not have mobile app.\nFor a while there was similar an escorts app called Pepp\nr ( <a href=""https://peppr.it/"" rel=""nofollow"">https://peppr.it/</a> ) but I do not think you can find it from app store anymore.\nTinder ( <a href=""http://www.gotinder.com/"" rel=""nofollow"">http://www.gotinder.com/</a> ) is an dating app which tries to block prostitutes using it, but example if you use this app in Bangkok, you will mostly find female and ladyboy prostitutes from this app. Also in NYC I have seen some escorts on Tinder.","Written on Medium, now there&#x27;s some irony.",I can&#x27;t see a real difference to stack overflow.<p>You should also learn about online marketing. Having a great product isn&#x27;t enough to get traffic. I don&#x27;t want to be offensive but your product isn&#x27;t even very awesome.,"I never understood where 0.05 came from. It seems like an arbitrary, magic number. Aren&#x27;t those bad in science? Shouldn&#x27;t we have some reason for every number we use? Why 0.05 instead of 0.049?",,,">I&#x27;m sure anyone can come up with specific situations where writing SQL is much better than using ORM.<p>You are supposed to bypass every ORM sometimes. One measure of a good ORM is whether it makes that easy for you or difficult.<p>Regex queries are definitely one example of a niche SQL query that I would bypass an ORM altogether in order to use.<p>95% of my SQL queries are <i>not</i> that, though, and for the very standard ones I use an ORM to heavily restrict the amount of code I have to write and maintain type safety.","I know, but they surely would be a better solution than &quot;go generate&quot;, as I doubt Go will ever have generics.",,"The best way to stay safe from software patents is to not enter the US market, if you can afford that :)","More discussion happened here:<p><a href=""https://news.ycombinator.com/item?id=9109276"" rel=""nofollow"">https://news.ycombinator.com/item?id=9109276</a>",,Macs are an option and are increasingly popular...not just by high end consumers but also in SOEs. Linux has done well enough via android and lenovo is making big bets beyond mobile devices with it.,"I doubt lazy loaded comments have anything to do with bandwidth concerns - a page full takes less than a single frame of video. Most likely, it&#x27;s to avoid internal IO, especially now that they&#x27;re pulling comments from Google+ as well.",,,"Stored procedures, parametrization of queries and views will eliminate many errors.","> If there are two kinds of great programmers<p>There aren&#x27;t.  If there were, they wouldn&#x27;t be split on the axis of &quot;programming in a stressful situation&quot;.<p>Even in development environments where front line stress can be a part of the job, its not full time, and the good developers work on 1) reducing the amount of time the organization spends in those modes and 2) removing human performance from the triage out of those modes.  The reason for that is that under stress performance is not actually repeatable.  Everyone breaks eventually and pushing the eventually back is not a cost effective way to mitigate the risks.","This should be fixed now. If you download the font again, it should be installable. (If you could check and let me know I&#x27;d be eternally grateful! I don&#x27;t have a Windows machine nearby.)",DRY is the #1 reason I use an ORM. I also think that it&#x27;s a factor that is rarely if ever considered by people who choose not to use an ORM.,"Why doesn&#x27;t anyone make a real PC with GPIOs? I am sure there are at least a few hackers out there who would be interested but if you want real high speed GPIOs you need either expensive hardware like a special card from National instruments or a low powered single board computer like Pi, Edison or a gumstix. I would love for Intel to breakout a nice 20 pin header on some of their boards.",,,I&#x27;m sure anyone can come up with specific situations where writing SQL is much better than using ORM.  \nIf I had infinite time and dev resources I would never use an ORM.  In reality Entity Framework makes abstracting my data-layer very easy and increases my productivity.  It also makes me feel much more comfortable about switching databases if necessary. Even if I&#x27;m taking a 5% performance hit it is totally worth it to me.,"I wrote a minimal Lisp for PHP in about an hour: <a href=""https://gist.github.com/TazeTSchnitzel/44720ea3aec64a9e330a"" rel=""nofollow"">https://gist.github.com/TazeTSchnitzel/44720ea3aec64a9e330a</a>","Search on the web was a &quot;solved problem&quot; until Google came along and showed that all of the search engines before then were actually pretty useless. However, until Google came along we didn&#x27;t <i>know</i> they weren&#x27;t very good as any kind of web-scale search seemed like a miracle at the time.","> There is no way I am going to hire someone for a software development position without seeing them write some code<p>How often do you watch your currently hired developers as they actually produce the code?  How does the best of them handle you standing over their shoulder judging their typing technique?<p>I&#x27;m unfairly giving you a hard time because you seem to have a sensible approach to hiring, but you should definitely know that watching people code, impacts the code they write.  I&#x27;ve also found little evidence that people that are good at coding in front of someone, are necessarily better at the final product, than people that need some space to code.","Talk to anyone who&#x27;s lived in a totalitarian, Stalinist regime, or read things like <i>Nineteen Eighty Four</i> and you&#x27;ll find this is a very unhealthy thing to do, mentally and emotionally.  It&#x27;s also strictly impossible, for things that are safe today become unsafe tomorrow, because this is more about power and broken people than anything rational.<p>Its also dyscivic.  Much, <i>much</i> uglier things will happen if you cede to one faction the public sphere, the &quot;soap box&quot; in the sequence of &quot;soap box, ballet box, bullet box&quot;.","I did a whiteboard-based interview recently.  I am very, very bad at these, mostly because I tend to freeze up.  Fortunately, there were two parts, and by the second part, I was more comfortable, and did significantly better [0].  Your point about being clear about refactoring and talking through the problem is critical, I think.  It also helps if the problem starts small (write a function to reverse a string) and builds in complexity.  That allows the interviewee some time to find their sea legs, as it were.<p>[0] During the first part, I completely, totally, forgot about SQL joins.  No, really.",,"I&#x27;ve spent some time recently figuring out that SQL is nice. But my issue has always been the same : how do I coalesce that with best-practices in other things.<p>For example, how do I apply DRY and use SQL ? How do I apply type safety principles?  How do I avoid syntax errors?<p>It feels like this ends up with building some sort of ORM.<p>Anyways, I&#x27;d love to hear experiences on interfacing SQL with &quot;good&quot; safety principles in larger-scale projects"," &#x27;Reality is that which, when you stop believing in it, doesn&#x27;t go away.&#x27; - Philip K. Dick","> The content you share lives encrypted in the URL.<p>I&#x27;m a little confused.<p>If the encrypted data is &quot;in the url&quot; and you need to share the url, then why not just share the encrypted data itself?<p>This seems like it adds a lot of problems to solve key distribution.<p>Edit - it doesn&#x27;t do key distribution, the encryption and decryption are done on the server.","I have done them, given them, and compared them to other interview techniques.  I personally quite like them, but I like brain teasers, hostile phd style defenses and whiteboard &quot;jam&quot; sessions as well.<p>My experience with them as a good tool in the hiring pipeline?  Less compelling.  Any work sample evaluation is better than techniques that don&#x27;t involve work samples and pairing seems to pain less developers than on paper coding does.  But unless you actively pair a lot during your day to day work, then paired programming is still fundamentally different than the kinds of work you are actually looking for and there are lots of developers who work poorly in paired environments.",,"No. The license has a chilling clause that says if you ever suggest that <i>any</i> Facebook patent might be invalid, your license to use their code is automatically revoked.<p>And in corporate world, that means any comment of any of your employees in an official capacity.<p>Edit downvotes, well maybe the text of the clause will help<p>> The license granted hereunder will terminate, automatically and without notice, for anyone that makes any claim ... by ... assertion or other action ... alleging .. that any right in any patent claim of Facebook is invalid or unenforceable.<p>> <a href=""https://github.com/facebook/fbcunn/blob/master/PATENTS"" rel=""nofollow"">https://github.com/facebook/fbcunn/blob/master/PATENTS</a>",,,,Ah... The old &quot;get a live&quot; banning. I&#x27;ve been banned from youtube myself due to excessive watching of Leonard Nimoys &quot;Ballad of Bilbo Baggins&quot; tribute videos. For some reason the algorithm though that &quot;2&quot; was enough to trigger this kind of banning.,,,My invented mission statement made it through unaltered.<p>&quot;We reinterpret the existing synergistic environment to create an overarching fluidity that will encompass both the paradoxical business lexicon and the mainstream black swansong.&quot;<p>I hope I haven&#x27;t inadvertently created some new buzzphrasing..,It broke the back button severely.,,"I believe storage won&#x27;t be a cheap thing either for this type of business. 300 hours of new video every minute[1] is a lot.<p>[1] <a href=""https://www.youtube.com/yt/press/statistics.html"" rel=""nofollow"">https://www.youtube.com/yt/press/statistics.html</a>","The author is absolutely right that interviews that involve someone to code over the phone, on paper or on a whiteboard bias against a certain part of the developer population.  Unless it is something people actually need to do for the position, you would be wise to remove &quot;paper&quot; coding from your hiring pipeline.<p>But, there is also a large part of the developer population that has the same reaction that the author did to &quot;paper&quot; coding, to any pair programming, including pairing with devs they&#x27;ve worked with for years.  Developers in this population, who know that they are in it, generally will decline any job that actually involves large amounts of pair programming so you should reveal that you do lots of pairing early in your hiring pipeline.<p>If you do not actually do pair programming a lot in practice, this technique is no better, and in some ways worse, than &quot;paper&quot; programming.<p>My policy on any programming test is that it should be take home, non-timed and non-observed.  Unless your environment has real, hard requirements about &quot;how&quot; someone writes code putting fake constraints on that part of the filtering process only biases against potentially great hires.",,,"The most interesting take-away is that they are moving away from using [1] Rendr for their isomorphic code, \nand built something to handle pre-rendering react components that are injected into their rails app.<p>[1] <a href=""https://github.com/rendrjs/rendr"" rel=""nofollow"">https://github.com/rendrjs/rendr</a>","Personally I use FireTube on Android.<p>Similar app is NetMBuddy , but it is not working for too many videos and it&#x27;s UX is terrible for me. However it&#x27;s open source.","I agree that you cannot or should not punish someone for something that they had no control over. If you&#x27;re the victim of human trafficking, you didn&#x27;t choose to break the law.<p>And I guess the same reasoning can be applied to minors that were brought to the US by their parents. They weren&#x27;t asked. They had no choice.<p>So I shouldn&#x27;t be too sore about her story because she just tried to make the best of the bad situation that her parents got her into. But somehow the article rubs me the wrong way.<p>It seems odd to me too that Texas and maybe other states would allow illegal immigrants to attend college but give them no perspective on what to do afterwards with their degrees. Maybe they should have petitioned the federal government to go along with: &quot;Alright, you came here illegally as a minor. We&#x27;re going to ignore that and let you start over now that you&#x27;re 18. So here&#x27;s your F1 student visa if you want to stay.&quot;",,"We use a similar tool during phone screens:  <a href=""http://rextester.com/runcode"" rel=""nofollow"">http://rextester.com/runcode</a>  Doing so has dramatically improved the screening process for us.  This site allows real-time multi-person interactive coding sessions in a variety of languages (note: If you try the &quot;live cooperation&quot; mode, you need to click the link yourself as well as give it to others.  This wasn&#x27;t obvious for some people. )<p>As for whether or not coding problems on the phone or the whiteboard are a good idea, in my opinion they are when applied properly.  There is no way I am going to hire someone for a software development position without seeing them write some code, and there is no way I am hiring someone for an embedded C position without knowing that they understand how pointers work.  There are not that many reliable ways to do this in a controlled environment.  We know that everyone can use google to find answers - I&#x27;m more interested in where people are starting from.<p>There is a balance though.  I do not ask interviewees to solve brain teasers; that sort of problem only serves to increase stress in the interview.  Most of the problems I ask are simple, such as printing out multiplication tables or simple string manipulation, or linked list type questions for embedded C.  When doing these on a whiteboard, I am very clear up-front that trivial errors like missing punctuation or spelling do not matter.  I am interested in seeing how the candidate approaches the problem logically, and it is surprisingly obvious what sort of candidate you are dealing with when seeing them attack a problem.",,"You might have a weak link somewhere in your connection to YouTube. ISPs have been known to throttle YouTube to reduce bandwidth costs.<p>Almost all of the content I find on YouTube is 1080P, and some of it is running at 60FPS.","I would think it is also that Microsoft cannot do much much about it. The pirated versions of Windows XP are already out there. They could have tried to block updates, but that just means more unpatched Windows machines and bigger botnets.<p>Macs are not an option, and I really doubt 40-50% of Chinese users would start using Linux.","Could you expand on what you mean by &quot;interconnectedness within website traffic&quot;?<p>If one person visiting the site has no influence on other people visiting the site, then measurements of their behavior will be independent. If Facebook tests a different interface on half of their users and the changed behavior of those users indirectly has some impact on the behavior of the control group, then your measurements would have some level of dependence – I can imagine that this could happen but it&#x27;s not clear to me that this would be a common scenario. The same would happen if you measure the behavior of the same person more than once – but in this case there&#x27;s many procedures for working with paired or autocorrelated data.",It would be nice to find and share if React infringes any of the patents.,It did felt pgish - I don&#x27;t like this way of trying to structure the world too much though. I think patio11 would agree with me...,"A police office would be more likely to overreact to a situation if he/she believed a suspect carried a firearm (in fairness, for the sake of the officers own defence). In a state where guns aren&#x27;t common, the police officer would feel less threatened and be less likely to overreact.",This should give European tech companies a chance to get back in the game.,,"Most of it comes from AdWords, i.e. Google Search. Angular, GWT, Closure, and Dart have nothing to do with it. They&#x27;re also all essentially abandonware from Google&#x27;s point of view, because management has rightly realized they have nothing to do with their core business.","Do you have EU customers? And if so, how do you deal with data protection?","I wrote a partial quicksort for Newzbin - once I saw how simple it was to add I was surprised it wasn&#x27;t more widespread: <a href=""https://github.com/Freaky/pqsort"" rel=""nofollow"">https://github.com/Freaky/pqsort</a>",,"Quick question, don&#x27;t upvote.<p>Some time ago there was discussion about a logarithmic scale of disruption, but I don&#x27;t recall enough keywords to find it.<p>The gist was assessing ideas based on maximum potential disruption, whether they could disrupt a single company, an industry, a societal foundation, etc.<p>Could anyone point me in the right direction?","I get a single RSS feed of all my YouTube subscriptions. Then I sift through them directly in my feed reader. Granted, it&#x27;s not via the YouTube site, but it works perfectly.<p><a href=""http://scottnelle.com/466/youtube-subscriptions-rss-feed/"" rel=""nofollow"">http://scottnelle.com/466/youtube-subscriptions-rss-feed/</a>",,"I think that the context makes it pretty clear that he&#x27;s talking about borrowing and lending between friends. Shakespeare would indeed have been aware of it, as it was commonplace for young noblemen to run up ruinous debts from gambling and borrowing from each other and moneylenders (who were only too happy to lend to the heir to an estate). Families lost their wealth and estates because of it. &quot;Neither a borrower nor a lender be&quot; is extremely <i>good</i> advice in this context. And, frankly, remains so.<p>Also, I reckon people are generally too harsh on Polonius. Sure, he&#x27;s not the sharpest tool in the shed, but in this scene he just seems like an old man who&#x27;s worried about his son leaving home and trying to give him good advice. That he can&#x27;t come up with anything genuine to himself is, I think, a little sad.<p>But I suspect most of us have endured our parents sending us off with good advice on our first time leaving home. And generally that advice seems to be similarly cliched (&quot;Remember to eat properly...and make sure when you&#x27;re going out, you know how to get home...and wrap up warm when it&#x27;s cold out...&quot;). I doubt I&#x27;ll do much better when my time comes!","I use an Olmex isolator [1], which I believe is also based on Analog&#x27;s ADuM chip. Its worth knowing that the ADuM only supports USB &quot;Full speed&quot; mode (12Mbit/sec) and not the normal &quot;High Speed&quot; mode (480Mbit/sec).<p>[1] <a href=""http://uk.farnell.com/olimex/usb-iso/usb-isolator-1000vdc-for-pc-laptop/dp/1795095"" rel=""nofollow"">http://uk.farnell.com/olimex/usb-iso/usb-isolator-1000vdc-fo...</a>","Starts asking for location on load, tab closed :(","Thanks. I think the contenteditable div was to blame. I changed this to a textarea, should fix that problem.","Very recognizable. I often write somewhat decently abstracted code for a client problem. The quality requirements for this stuff aren&#x27;t very high so it&#x27;s not &#x27;open source quality,&#x27; and I definitely don&#x27;t want it to be judged as my &#x27;digital resumé.&#x27;<p>If I were to publish it it would still definitely make someone happy at some point in time though.<p>I&#x27;ve been thinking of creating the a manifesto for those cases: <i>CRAP: Code Rushed for an Actual Problem</i>. That way you could include it in your README and let the world know it&#x27;s just a throwaway piece of code that might be useful to someone someday.","In theory, there&#x27;s no difference between theory and practice.","It&#x27;s not that simple. Breaking even may be &quot;good enough&quot; strategically for Google, but, tactically, it is a problem for YouTube and everyone that works on it. The harder it is to concretely demonstrate YouTube&#x27;s value to Google, the harder it is to make the case for investing in YouTube, rewarding employees competitively, against unwise cost-cutting and so on. Things don&#x27;t fall apart overnight, but over time...","Language development has since been taken over by IKEA and it&#x27;s main use right now is programmatic furniture generation.<p><a href=""http://www.ikea.com/us/en/catalog/categories/series/18329/"" rel=""nofollow"">http://www.ikea.com/us/en/catalog/categories/series/18329/</a>",Why not both?
1424955556,1424955549,1424955541,1424955479,1424955427,1424955387,1424955386,1424955267,1424955222,1424955201,1424955187,1424955179,1424955120,1424955084,1424955069,1424955044,1424955030,1424955024,1424954929,1424954906,1424954898,1424954888,1424954812,1424954773,1424954773,1424954680,1424954671,1424954610,1424954494,1424954494,1424954461,1424954448,1424954382,1424954371,1424954335,1424954319,1424954263,1424954222,1424954175,1424954172,1424954150,1424954146,1424954113,1424954100,1424954091,1424954074,1424954062,1424954044,1424954017,1424953890,1424953889,1424953832,1424953765,1424953751,1424953710,1424953676,1424953648,1424953605,1424953596,1424953562,1424953551,1424953540,1424953540,1424953509,1424953498,1424953495,1424953455,1424953452,1424953377,1424953346,1424953231,1424953207,1424953125,1424953122,1424953044,1424952929,1424952892,1424952847,1424952791,1424952789,1424952721,1424952717,1424952700,1424952691,1424952686,1424952680,1424952657,1424952640,1424952630,1424952585,1424952429,1424952376,1424952360,1424952152,1424952146,1424952107,1424952086,1424952084,1424952071,1424952064,1424952052,1424952022,1424952014,1424952003
