Windows.Management.Provisioning.ProxyStub.dll,Windows.Management.Provisioning.ProxyStub.dll,Windows.Management.Provisioning.ProxyStub.dll,Windows.Management.Provisioning.ProxyStub.dll,Windows.Management.Provisioning.ProxyStub.dll,Windows.Management.Provisioning.ProxyStub.dll,Windows.Management.Provisioning.ProxyStub.dll,Windows.Management.Provisioning.ProxyStub.dll,Windows.Management.Provisioning.ProxyStub.dll,Windows.Management.Provisioning.ProxyStub.dll,Windows.Management.Provisioning.ProxyStub.dll,Windows.Management.Provisioning.ProxyStub.dll,Windows.Management.Provisioning.ProxyStub.dll,Windows.Management.Provisioning.ProxyStub.dll,Windows.Management.Provisioning.ProxyStub.dll,Windows.Management.Provisioning.ProxyStub.dll,Windows.Management.Provisioning.ProxyStub.dll,Windows.Management.Provisioning.ProxyStub.dll,Windows.Management.Provisioning.ProxyStub.dll,Windows.Management.Provisioning.ProxyStub.dll,Windows.Management.Provisioning.ProxyStub.dll,Windows.Management.Provisioning.ProxyStub.dll,Windows.Management.Provisioning.ProxyStub.dll,Windows.Management.Provisioning.ProxyStub.dll,Windows.Management.Provisioning.ProxyStub.dll,Windows.Management.Provisioning.ProxyStub.dll,Windows.Management.Provisioning.ProxyStub.dll,Windows.Management.Provisioning.ProxyStub.dll,Windows.Management.Provisioning.ProxyStub.dll,Windows.Management.Provisioning.ProxyStub.dll,Windows.Management.Provisioning.ProxyStub.dll,Windows.Management.Provisioning.ProxyStub.dll,Windows.Management.Provisioning.ProxyStub.dll,Windows.Management.Provisioning.ProxyStub.dll,Windows.Management.Provisioning.ProxyStub.dll,Windows.Management.Provisioning.ProxyStub.dll,Windows.Management.Provisioning.ProxyStub.dll,Windows.Management.Provisioning.ProxyStub.dll,Windows.Management.Provisioning.ProxyStub.dll,Windows.Management.Provisioning.ProxyStub.dll,Windows.Management.Provisioning.ProxyStub.dll,Windows.Management.Provisioning.ProxyStub.dll,Windows.Management.Provisioning.ProxyStub.dll,Windows.Management.Provisioning.ProxyStub.dll,Windows.Management.Provisioning.ProxyStub.dll,Windows.Management.Provisioning.ProxyStub.dll,Windows.Management.Provisioning.ProxyStub.dll,Windows.Management.Provisioning.ProxyStub.dll,Windows.Management.Provisioning.ProxyStub.dll,Windows.Management.Provisioning.ProxyStub.dll,Windows.Management.Provisioning.ProxyStub.dll,Windows.Management.Provisioning.ProxyStub.dll,Windows.Management.Provisioning.ProxyStub.dll,Windows.Management.Provisioning.ProxyStub.dll,Windows.Management.Provisioning.ProxyStub.dll,Windows.Management.Provisioning.ProxyStub.dll,Windows.Management.Provisioning.ProxyStub.dll,Windows.Management.Provisioning.ProxyStub.dll,Windows.Management.Provisioning.ProxyStub.dll,Windows.Management.Provisioning.ProxyStub.dll,Windows.Management.Provisioning.ProxyStub.dll,Windows.Management.Provisioning.ProxyStub.dll,Windows.Management.Provisioning.ProxyStub.dll,Windows.Management.Provisioning.ProxyStub.dll,Windows.Management.Provisioning.ProxyStub.dll,Windows.Management.Provisioning.ProxyStub.dll,Windows.Management.Provisioning.ProxyStub.dll,Windows.Management.Provisioning.ProxyStub.dll,Windows.Management.Provisioning.ProxyStub.dll,Windows.Management.Provisioning.ProxyStub.dll,Windows.Management.Provisioning.ProxyStub.dll,Windows.Management.Provisioning.ProxyStub.dll,Windows.Management.Provisioning.ProxyStub.dll,Windows.Management.Provisioning.ProxyStub.dll
33792,33792,33792,33792,33792,33792,33792,33792,33792,33792,33792,33792,33792,33792,33792,33792,33792,33792,33792,33792,33792,33792,33792,33792,33792,33792,33792,33792,33792,33792,33792,33792,33792,33792,33792,33792,33792,33792,33792,33792,33792,33792,33792,33792,33792,33792,33792,33792,33792,33792,33792,33792,33792,33792,33792,33792,33792,33792,33792,33792,33792,33792,33792,33792,33792,33792,33792,33792,33792,33792,33792,33792,33792,33792
3,3,3,3,3,3,3,3,3,3,3,3,3,3,3,3,3,3,3,3,3,3,3,3,3,3,3,3,3,3,3,3,3,3,3,3,3,3,3,3,3,3,3,3,3,3,3,3,3,3,3,3,3,3,3,3,3,3,3,3,3,3,3,3,3,3,3,3,3,3,3,3,3,3
1538386309,1538386309,1538386309,1538386309,1538386309,1538386309,1538386309,1538386309,1538386309,1538386309,1538386309,1538386309,1538386309,1538386309,1538386309,1538386309,1538386309,1538386309,1538386309,1538386309,1538386309,1538386309,1538386309,1538386309,1538386309,1538386309,1538386309,1538386309,1538386309,1538386309,1538386309,1538386309,1538386309,1538386309,1538386309,1538386309,1538386309,1538386309,1538386309,1538386309,1538386309,1538386309,1538386309,1538386309,1538386309,1538386309,1538386309,1538386309,1538386309,1538386309,1538386309,1538386309,1538386309,1538386309,1538386309,1538386309,1538386309,1538386309,1538386309,1538386309,1538386309,1538386309,1538386309,1538386309,1538386309,1538386309,1538386309,1538386309,1538386309,1538386309,1538386309,1538386309,1538386309,1538386309
2018-10-01T09:31:49.000Z,2018-10-01T09:31:49.000Z,2018-10-01T09:31:49.000Z,2018-10-01T09:31:49.000Z,2018-10-01T09:31:49.000Z,2018-10-01T09:31:49.000Z,2018-10-01T09:31:49.000Z,2018-10-01T09:31:49.000Z,2018-10-01T09:31:49.000Z,2018-10-01T09:31:49.000Z,2018-10-01T09:31:49.000Z,2018-10-01T09:31:49.000Z,2018-10-01T09:31:49.000Z,2018-10-01T09:31:49.000Z,2018-10-01T09:31:49.000Z,2018-10-01T09:31:49.000Z,2018-10-01T09:31:49.000Z,2018-10-01T09:31:49.000Z,2018-10-01T09:31:49.000Z,2018-10-01T09:31:49.000Z,2018-10-01T09:31:49.000Z,2018-10-01T09:31:49.000Z,2018-10-01T09:31:49.000Z,2018-10-01T09:31:49.000Z,2018-10-01T09:31:49.000Z,2018-10-01T09:31:49.000Z,2018-10-01T09:31:49.000Z,2018-10-01T09:31:49.000Z,2018-10-01T09:31:49.000Z,2018-10-01T09:31:49.000Z,2018-10-01T09:31:49.000Z,2018-10-01T09:31:49.000Z,2018-10-01T09:31:49.000Z,2018-10-01T09:31:49.000Z,2018-10-01T09:31:49.000Z,2018-10-01T09:31:49.000Z,2018-10-01T09:31:49.000Z,2018-10-01T09:31:49.000Z,2018-10-01T09:31:49.000Z,2018-10-01T09:31:49.000Z,2018-10-01T09:31:49.000Z,2018-10-01T09:31:49.000Z,2018-10-01T09:31:49.000Z,2018-10-01T09:31:49.000Z,2018-10-01T09:31:49.000Z,2018-10-01T09:31:49.000Z,2018-10-01T09:31:49.000Z,2018-10-01T09:31:49.000Z,2018-10-01T09:31:49.000Z,2018-10-01T09:31:49.000Z,2018-10-01T09:31:49.000Z,2018-10-01T09:31:49.000Z,2018-10-01T09:31:49.000Z,2018-10-01T09:31:49.000Z,2018-10-01T09:31:49.000Z,2018-10-01T09:31:49.000Z,2018-10-01T09:31:49.000Z,2018-10-01T09:31:49.000Z,2018-10-01T09:31:49.000Z,2018-10-01T09:31:49.000Z,2018-10-01T09:31:49.000Z,2018-10-01T09:31:49.000Z,2018-10-01T09:31:49.000Z,2018-10-01T09:31:49.000Z,2018-10-01T09:31:49.000Z,2018-10-01T09:31:49.000Z,2018-10-01T09:31:49.000Z,2018-10-01T09:31:49.000Z,2018-10-01T09:31:49.000Z,2018-10-01T09:31:49.000Z,2018-10-01T09:31:49.000Z,2018-10-01T09:31:49.000Z,2018-10-01T09:31:49.000Z,2018-10-01T09:31:49.000Z
imports,imports,imports,imports,imports,imports,imports,imports,imports,imports,imports,imports,imports,imports,imports,imports,imports,imports,imports,imports,imports,imports,imports,imports,imports,imports,imports,imports,imports,imports,imports,imports,imports,imports,imports,imports,imports,imports,imports,imports,imports,imports,imports,imports,imports,imports,imports,imports,imports,imports,imports,imports,imports,imports,imports,imports,imports,imports,imports,imports,imports,imports,imports,imports,imports,imports,imports,imports,imports,imports,exports,exports,exports,exports
msvcrt.dll,msvcrt.dll,msvcrt.dll,msvcrt.dll,msvcrt.dll,msvcrt.dll,rpcrt4.dll,rpcrt4.dll,rpcrt4.dll,rpcrt4.dll,rpcrt4.dll,rpcrt4.dll,rpcrt4.dll,rpcrt4.dll,rpcrt4.dll,rpcrt4.dll,rpcrt4.dll,rpcrt4.dll,rpcrt4.dll,rpcrt4.dll,rpcrt4.dll,rpcrt4.dll,rpcrt4.dll,rpcrt4.dll,rpcrt4.dll,rpcrt4.dll,rpcrt4.dll,rpcrt4.dll,api-ms-win-core-winrt-string-l1-1-0.dll,api-ms-win-core-winrt-string-l1-1-0.dll,api-ms-win-core-winrt-string-l1-1-0.dll,api-ms-win-core-winrt-string-l1-1-0.dll,api-ms-win-core-winrt-string-l1-1-0.dll,api-ms-win-core-winrt-string-l1-1-0.dll,api-ms-win-core-winrt-string-l1-1-0.dll,api-ms-win-core-winrt-string-l1-1-0.dll,api-ms-win-core-com-midlproxystub-l1-1-0.dll,api-ms-win-core-com-midlproxystub-l1-1-0.dll,api-ms-win-core-com-midlproxystub-l1-1-0.dll,api-ms-win-core-com-midlproxystub-l1-1-0.dll,api-ms-win-core-com-midlproxystub-l1-1-0.dll,api-ms-win-core-com-midlproxystub-l1-1-0.dll,api-ms-win-core-com-midlproxystub-l1-1-0.dll,api-ms-win-core-com-midlproxystub-l1-1-0.dll,api-ms-win-core-com-midlproxystub-l1-1-0.dll,api-ms-win-core-com-midlproxystub-l1-1-0.dll,api-ms-win-core-com-midlproxystub-l1-1-0.dll,api-ms-win-core-com-midlproxystub-l1-1-0.dll,api-ms-win-core-com-midlproxystub-l1-1-0.dll,api-ms-win-core-com-midlproxystub-l1-1-0.dll,api-ms-win-core-com-midlproxystub-l1-1-0.dll,api-ms-win-core-com-midlproxystub-l1-1-0.dll,api-ms-win-core-com-midlproxystub-l1-1-0.dll,api-ms-win-core-com-midlproxystub-l1-1-0.dll,api-ms-win-core-com-midlproxystub-l1-1-0.dll,api-ms-win-core-com-midlproxystub-l1-1-0.dll,api-ms-win-core-libraryloader-l1-2-0.dll,api-ms-win-core-synch-l1-2-0.dll,api-ms-win-core-profile-l1-1-0.dll,api-ms-win-core-processthreads-l1-1-0.dll,api-ms-win-core-processthreads-l1-1-0.dll,api-ms-win-core-processthreads-l1-1-0.dll,api-ms-win-core-processthreads-l1-1-0.dll,api-ms-win-core-sysinfo-l1-1-0.dll,api-ms-win-core-sysinfo-l1-1-0.dll,api-ms-win-core-rtlsupport-l1-1-0.dll,api-ms-win-core-rtlsupport-l1-1-0.dll,api-ms-win-core-rtlsupport-l1-1-0.dll,api-ms-win-core-errorhandling-l1-1-0.dll,api-ms-win-core-errorhandling-l1-1-0.dll,Windows.Management.Provisioning.ProxyStub.dll,Windows.Management.Provisioning.ProxyStub.dll,Windows.Management.Provisioning.ProxyStub.dll,Windows.Management.Provisioning.ProxyStub.dll
__C_specific_handler,_amsg_exit,_initterm,free,malloc,memcmp,CStdStubBuffer_AddRef,CStdStubBuffer_Connect,CStdStubBuffer_CountRefs,CStdStubBuffer_DebugServerQueryInterface,CStdStubBuffer_DebugServerRelease,CStdStubBuffer_Disconnect,CStdStubBuffer_Invoke,CStdStubBuffer_IsIIDSupported,CStdStubBuffer_QueryInterface,IUnknown_AddRef_Proxy,IUnknown_QueryInterface_Proxy,IUnknown_Release_Proxy,NdrCStdStubBuffer2_Release,NdrCStdStubBuffer_Release,NdrDllCanUnloadNow,NdrDllGetClassObject,NdrDllRegisterProxy,NdrDllUnregisterProxy,NdrOleAllocate,NdrOleFree,NdrStubCall3,NdrStubForwardingFunction,HSTRING_UserFree,HSTRING_UserFree64,HSTRING_UserMarshal,HSTRING_UserMarshal64,HSTRING_UserSize,HSTRING_UserSize64,HSTRING_UserUnmarshal,HSTRING_UserUnmarshal64,CStdStubBuffer2_Connect,CStdStubBuffer2_CountRefs,CStdStubBuffer2_Disconnect,CStdStubBuffer2_QueryInterface,NdrProxyForwardingFunction3,NdrProxyForwardingFunction4,NdrProxyForwardingFunction5,ObjectStublessClient10,ObjectStublessClient11,ObjectStublessClient12,ObjectStublessClient13,ObjectStublessClient14,ObjectStublessClient15,ObjectStublessClient16,ObjectStublessClient17,ObjectStublessClient3,ObjectStublessClient6,ObjectStublessClient7,ObjectStublessClient8,ObjectStublessClient9,DisableThreadLibraryCalls,Sleep,QueryPerformanceCounter,GetCurrentProcess,GetCurrentProcessId,GetCurrentThreadId,TerminateProcess,GetSystemTimeAsFileTime,GetTickCount,RtlCaptureContext,RtlLookupFunctionEntry,RtlVirtualUnwind,SetUnhandledExceptionFilter,UnhandledExceptionFilter,DllCanUnloadNow,DllGetClassObject,DllRegisterServer,DllUnregisterServer
09dea404502581e12cc8f9ea75f0d135,09dea404502581e12cc8f9ea75f0d135,09dea404502581e12cc8f9ea75f0d135,09dea404502581e12cc8f9ea75f0d135,09dea404502581e12cc8f9ea75f0d135,09dea404502581e12cc8f9ea75f0d135,09dea404502581e12cc8f9ea75f0d135,09dea404502581e12cc8f9ea75f0d135,09dea404502581e12cc8f9ea75f0d135,09dea404502581e12cc8f9ea75f0d135,09dea404502581e12cc8f9ea75f0d135,09dea404502581e12cc8f9ea75f0d135,09dea404502581e12cc8f9ea75f0d135,09dea404502581e12cc8f9ea75f0d135,09dea404502581e12cc8f9ea75f0d135,09dea404502581e12cc8f9ea75f0d135,09dea404502581e12cc8f9ea75f0d135,09dea404502581e12cc8f9ea75f0d135,09dea404502581e12cc8f9ea75f0d135,09dea404502581e12cc8f9ea75f0d135,09dea404502581e12cc8f9ea75f0d135,09dea404502581e12cc8f9ea75f0d135,09dea404502581e12cc8f9ea75f0d135,09dea404502581e12cc8f9ea75f0d135,09dea404502581e12cc8f9ea75f0d135,09dea404502581e12cc8f9ea75f0d135,09dea404502581e12cc8f9ea75f0d135,09dea404502581e12cc8f9ea75f0d135,09dea404502581e12cc8f9ea75f0d135,09dea404502581e12cc8f9ea75f0d135,09dea404502581e12cc8f9ea75f0d135,09dea404502581e12cc8f9ea75f0d135,09dea404502581e12cc8f9ea75f0d135,09dea404502581e12cc8f9ea75f0d135,09dea404502581e12cc8f9ea75f0d135,09dea404502581e12cc8f9ea75f0d135,09dea404502581e12cc8f9ea75f0d135,09dea404502581e12cc8f9ea75f0d135,09dea404502581e12cc8f9ea75f0d135,09dea404502581e12cc8f9ea75f0d135,09dea404502581e12cc8f9ea75f0d135,09dea404502581e12cc8f9ea75f0d135,09dea404502581e12cc8f9ea75f0d135,09dea404502581e12cc8f9ea75f0d135,09dea404502581e12cc8f9ea75f0d135,09dea404502581e12cc8f9ea75f0d135,09dea404502581e12cc8f9ea75f0d135,09dea404502581e12cc8f9ea75f0d135,09dea404502581e12cc8f9ea75f0d135,09dea404502581e12cc8f9ea75f0d135,09dea404502581e12cc8f9ea75f0d135,09dea404502581e12cc8f9ea75f0d135,09dea404502581e12cc8f9ea75f0d135,09dea404502581e12cc8f9ea75f0d135,09dea404502581e12cc8f9ea75f0d135,09dea404502581e12cc8f9ea75f0d135,09dea404502581e12cc8f9ea75f0d135,09dea404502581e12cc8f9ea75f0d135,09dea404502581e12cc8f9ea75f0d135,09dea404502581e12cc8f9ea75f0d135,09dea404502581e12cc8f9ea75f0d135,09dea404502581e12cc8f9ea75f0d135,09dea404502581e12cc8f9ea75f0d135,09dea404502581e12cc8f9ea75f0d135,09dea404502581e12cc8f9ea75f0d135,09dea404502581e12cc8f9ea75f0d135,09dea404502581e12cc8f9ea75f0d135,09dea404502581e12cc8f9ea75f0d135,09dea404502581e12cc8f9ea75f0d135,09dea404502581e12cc8f9ea75f0d135,09dea404502581e12cc8f9ea75f0d135,09dea404502581e12cc8f9ea75f0d135,09dea404502581e12cc8f9ea75f0d135,09dea404502581e12cc8f9ea75f0d135
ea8abc6b20f075e03030dbb24fe2c62fc83e5406b6dcd947ab278202a968b174,ea8abc6b20f075e03030dbb24fe2c62fc83e5406b6dcd947ab278202a968b174,ea8abc6b20f075e03030dbb24fe2c62fc83e5406b6dcd947ab278202a968b174,ea8abc6b20f075e03030dbb24fe2c62fc83e5406b6dcd947ab278202a968b174,ea8abc6b20f075e03030dbb24fe2c62fc83e5406b6dcd947ab278202a968b174,ea8abc6b20f075e03030dbb24fe2c62fc83e5406b6dcd947ab278202a968b174,ea8abc6b20f075e03030dbb24fe2c62fc83e5406b6dcd947ab278202a968b174,ea8abc6b20f075e03030dbb24fe2c62fc83e5406b6dcd947ab278202a968b174,ea8abc6b20f075e03030dbb24fe2c62fc83e5406b6dcd947ab278202a968b174,ea8abc6b20f075e03030dbb24fe2c62fc83e5406b6dcd947ab278202a968b174,ea8abc6b20f075e03030dbb24fe2c62fc83e5406b6dcd947ab278202a968b174,ea8abc6b20f075e03030dbb24fe2c62fc83e5406b6dcd947ab278202a968b174,ea8abc6b20f075e03030dbb24fe2c62fc83e5406b6dcd947ab278202a968b174,ea8abc6b20f075e03030dbb24fe2c62fc83e5406b6dcd947ab278202a968b174,ea8abc6b20f075e03030dbb24fe2c62fc83e5406b6dcd947ab278202a968b174,ea8abc6b20f075e03030dbb24fe2c62fc83e5406b6dcd947ab278202a968b174,ea8abc6b20f075e03030dbb24fe2c62fc83e5406b6dcd947ab278202a968b174,ea8abc6b20f075e03030dbb24fe2c62fc83e5406b6dcd947ab278202a968b174,ea8abc6b20f075e03030dbb24fe2c62fc83e5406b6dcd947ab278202a968b174,ea8abc6b20f075e03030dbb24fe2c62fc83e5406b6dcd947ab278202a968b174,ea8abc6b20f075e03030dbb24fe2c62fc83e5406b6dcd947ab278202a968b174,ea8abc6b20f075e03030dbb24fe2c62fc83e5406b6dcd947ab278202a968b174,ea8abc6b20f075e03030dbb24fe2c62fc83e5406b6dcd947ab278202a968b174,ea8abc6b20f075e03030dbb24fe2c62fc83e5406b6dcd947ab278202a968b174,ea8abc6b20f075e03030dbb24fe2c62fc83e5406b6dcd947ab278202a968b174,ea8abc6b20f075e03030dbb24fe2c62fc83e5406b6dcd947ab278202a968b174,ea8abc6b20f075e03030dbb24fe2c62fc83e5406b6dcd947ab278202a968b174,ea8abc6b20f075e03030dbb24fe2c62fc83e5406b6dcd947ab278202a968b174,ea8abc6b20f075e03030dbb24fe2c62fc83e5406b6dcd947ab278202a968b174,ea8abc6b20f075e03030dbb24fe2c62fc83e5406b6dcd947ab278202a968b174,ea8abc6b20f075e03030dbb24fe2c62fc83e5406b6dcd947ab278202a968b174,ea8abc6b20f075e03030dbb24fe2c62fc83e5406b6dcd947ab278202a968b174,ea8abc6b20f075e03030dbb24fe2c62fc83e5406b6dcd947ab278202a968b174,ea8abc6b20f075e03030dbb24fe2c62fc83e5406b6dcd947ab278202a968b174,ea8abc6b20f075e03030dbb24fe2c62fc83e5406b6dcd947ab278202a968b174,ea8abc6b20f075e03030dbb24fe2c62fc83e5406b6dcd947ab278202a968b174,ea8abc6b20f075e03030dbb24fe2c62fc83e5406b6dcd947ab278202a968b174,ea8abc6b20f075e03030dbb24fe2c62fc83e5406b6dcd947ab278202a968b174,ea8abc6b20f075e03030dbb24fe2c62fc83e5406b6dcd947ab278202a968b174,ea8abc6b20f075e03030dbb24fe2c62fc83e5406b6dcd947ab278202a968b174,ea8abc6b20f075e03030dbb24fe2c62fc83e5406b6dcd947ab278202a968b174,ea8abc6b20f075e03030dbb24fe2c62fc83e5406b6dcd947ab278202a968b174,ea8abc6b20f075e03030dbb24fe2c62fc83e5406b6dcd947ab278202a968b174,ea8abc6b20f075e03030dbb24fe2c62fc83e5406b6dcd947ab278202a968b174,ea8abc6b20f075e03030dbb24fe2c62fc83e5406b6dcd947ab278202a968b174,ea8abc6b20f075e03030dbb24fe2c62fc83e5406b6dcd947ab278202a968b174,ea8abc6b20f075e03030dbb24fe2c62fc83e5406b6dcd947ab278202a968b174,ea8abc6b20f075e03030dbb24fe2c62fc83e5406b6dcd947ab278202a968b174,ea8abc6b20f075e03030dbb24fe2c62fc83e5406b6dcd947ab278202a968b174,ea8abc6b20f075e03030dbb24fe2c62fc83e5406b6dcd947ab278202a968b174,ea8abc6b20f075e03030dbb24fe2c62fc83e5406b6dcd947ab278202a968b174,ea8abc6b20f075e03030dbb24fe2c62fc83e5406b6dcd947ab278202a968b174,ea8abc6b20f075e03030dbb24fe2c62fc83e5406b6dcd947ab278202a968b174,ea8abc6b20f075e03030dbb24fe2c62fc83e5406b6dcd947ab278202a968b174,ea8abc6b20f075e03030dbb24fe2c62fc83e5406b6dcd947ab278202a968b174,ea8abc6b20f075e03030dbb24fe2c62fc83e5406b6dcd947ab278202a968b174,ea8abc6b20f075e03030dbb24fe2c62fc83e5406b6dcd947ab278202a968b174,ea8abc6b20f075e03030dbb24fe2c62fc83e5406b6dcd947ab278202a968b174,ea8abc6b20f075e03030dbb24fe2c62fc83e5406b6dcd947ab278202a968b174,ea8abc6b20f075e03030dbb24fe2c62fc83e5406b6dcd947ab278202a968b174,ea8abc6b20f075e03030dbb24fe2c62fc83e5406b6dcd947ab278202a968b174,ea8abc6b20f075e03030dbb24fe2c62fc83e5406b6dcd947ab278202a968b174,ea8abc6b20f075e03030dbb24fe2c62fc83e5406b6dcd947ab278202a968b174,ea8abc6b20f075e03030dbb24fe2c62fc83e5406b6dcd947ab278202a968b174,ea8abc6b20f075e03030dbb24fe2c62fc83e5406b6dcd947ab278202a968b174,ea8abc6b20f075e03030dbb24fe2c62fc83e5406b6dcd947ab278202a968b174,ea8abc6b20f075e03030dbb24fe2c62fc83e5406b6dcd947ab278202a968b174,ea8abc6b20f075e03030dbb24fe2c62fc83e5406b6dcd947ab278202a968b174,ea8abc6b20f075e03030dbb24fe2c62fc83e5406b6dcd947ab278202a968b174,ea8abc6b20f075e03030dbb24fe2c62fc83e5406b6dcd947ab278202a968b174,ea8abc6b20f075e03030dbb24fe2c62fc83e5406b6dcd947ab278202a968b174,ea8abc6b20f075e03030dbb24fe2c62fc83e5406b6dcd947ab278202a968b174,ea8abc6b20f075e03030dbb24fe2c62fc83e5406b6dcd947ab278202a968b174,ea8abc6b20f075e03030dbb24fe2c62fc83e5406b6dcd947ab278202a968b174
c:\Windows\WinSxS\amd64_microsoft-windows-provisioning-core_31bf3856ad364e35_10.0.18362.329_none_0dc0a73fc10b4654\Windows.Management.Provisioning.ProxyStub.dll,c:\Windows\WinSxS\amd64_microsoft-windows-provisioning-core_31bf3856ad364e35_10.0.18362.329_none_0dc0a73fc10b4654\Windows.Management.Provisioning.ProxyStub.dll,c:\Windows\WinSxS\amd64_microsoft-windows-provisioning-core_31bf3856ad364e35_10.0.18362.329_none_0dc0a73fc10b4654\Windows.Management.Provisioning.ProxyStub.dll,c:\Windows\WinSxS\amd64_microsoft-windows-provisioning-core_31bf3856ad364e35_10.0.18362.329_none_0dc0a73fc10b4654\Windows.Management.Provisioning.ProxyStub.dll,c:\Windows\WinSxS\amd64_microsoft-windows-provisioning-core_31bf3856ad364e35_10.0.18362.329_none_0dc0a73fc10b4654\Windows.Management.Provisioning.ProxyStub.dll,c:\Windows\WinSxS\amd64_microsoft-windows-provisioning-core_31bf3856ad364e35_10.0.18362.329_none_0dc0a73fc10b4654\Windows.Management.Provisioning.ProxyStub.dll,c:\Windows\WinSxS\amd64_microsoft-windows-provisioning-core_31bf3856ad364e35_10.0.18362.329_none_0dc0a73fc10b4654\Windows.Management.Provisioning.ProxyStub.dll,c:\Windows\WinSxS\amd64_microsoft-windows-provisioning-core_31bf3856ad364e35_10.0.18362.329_none_0dc0a73fc10b4654\Windows.Management.Provisioning.ProxyStub.dll,c:\Windows\WinSxS\amd64_microsoft-windows-provisioning-core_31bf3856ad364e35_10.0.18362.329_none_0dc0a73fc10b4654\Windows.Management.Provisioning.ProxyStub.dll,c:\Windows\WinSxS\amd64_microsoft-windows-provisioning-core_31bf3856ad364e35_10.0.18362.329_none_0dc0a73fc10b4654\Windows.Management.Provisioning.ProxyStub.dll,c:\Windows\WinSxS\amd64_microsoft-windows-provisioning-core_31bf3856ad364e35_10.0.18362.329_none_0dc0a73fc10b4654\Windows.Management.Provisioning.ProxyStub.dll,c:\Windows\WinSxS\amd64_microsoft-windows-provisioning-core_31bf3856ad364e35_10.0.18362.329_none_0dc0a73fc10b4654\Windows.Management.Provisioning.ProxyStub.dll,c:\Windows\WinSxS\amd64_microsoft-windows-provisioning-core_31bf3856ad364e35_10.0.18362.329_none_0dc0a73fc10b4654\Windows.Management.Provisioning.ProxyStub.dll,c:\Windows\WinSxS\amd64_microsoft-windows-provisioning-core_31bf3856ad364e35_10.0.18362.329_none_0dc0a73fc10b4654\Windows.Management.Provisioning.ProxyStub.dll,c:\Windows\WinSxS\amd64_microsoft-windows-provisioning-core_31bf3856ad364e35_10.0.18362.329_none_0dc0a73fc10b4654\Windows.Management.Provisioning.ProxyStub.dll,c:\Windows\WinSxS\amd64_microsoft-windows-provisioning-core_31bf3856ad364e35_10.0.18362.329_none_0dc0a73fc10b4654\Windows.Management.Provisioning.ProxyStub.dll,c:\Windows\WinSxS\amd64_microsoft-windows-provisioning-core_31bf3856ad364e35_10.0.18362.329_none_0dc0a73fc10b4654\Windows.Management.Provisioning.ProxyStub.dll,c:\Windows\WinSxS\amd64_microsoft-windows-provisioning-core_31bf3856ad364e35_10.0.18362.329_none_0dc0a73fc10b4654\Windows.Management.Provisioning.ProxyStub.dll,c:\Windows\WinSxS\amd64_microsoft-windows-provisioning-core_31bf3856ad364e35_10.0.18362.329_none_0dc0a73fc10b4654\Windows.Management.Provisioning.ProxyStub.dll,c:\Windows\WinSxS\amd64_microsoft-windows-provisioning-core_31bf3856ad364e35_10.0.18362.329_none_0dc0a73fc10b4654\Windows.Management.Provisioning.ProxyStub.dll,c:\Windows\WinSxS\amd64_microsoft-windows-provisioning-core_31bf3856ad364e35_10.0.18362.329_none_0dc0a73fc10b4654\Windows.Management.Provisioning.ProxyStub.dll,c:\Windows\WinSxS\amd64_microsoft-windows-provisioning-core_31bf3856ad364e35_10.0.18362.329_none_0dc0a73fc10b4654\Windows.Management.Provisioning.ProxyStub.dll,c:\Windows\WinSxS\amd64_microsoft-windows-provisioning-core_31bf3856ad364e35_10.0.18362.329_none_0dc0a73fc10b4654\Windows.Management.Provisioning.ProxyStub.dll,c:\Windows\WinSxS\amd64_microsoft-windows-provisioning-core_31bf3856ad364e35_10.0.18362.329_none_0dc0a73fc10b4654\Windows.Management.Provisioning.ProxyStub.dll,c:\Windows\WinSxS\amd64_microsoft-windows-provisioning-core_31bf3856ad364e35_10.0.18362.329_none_0dc0a73fc10b4654\Windows.Management.Provisioning.ProxyStub.dll,c:\Windows\WinSxS\amd64_microsoft-windows-provisioning-core_31bf3856ad364e35_10.0.18362.329_none_0dc0a73fc10b4654\Windows.Management.Provisioning.ProxyStub.dll,c:\Windows\WinSxS\amd64_microsoft-windows-provisioning-core_31bf3856ad364e35_10.0.18362.329_none_0dc0a73fc10b4654\Windows.Management.Provisioning.ProxyStub.dll,c:\Windows\WinSxS\amd64_microsoft-windows-provisioning-core_31bf3856ad364e35_10.0.18362.329_none_0dc0a73fc10b4654\Windows.Management.Provisioning.ProxyStub.dll,c:\Windows\WinSxS\amd64_microsoft-windows-provisioning-core_31bf3856ad364e35_10.0.18362.329_none_0dc0a73fc10b4654\Windows.Management.Provisioning.ProxyStub.dll,c:\Windows\WinSxS\amd64_microsoft-windows-provisioning-core_31bf3856ad364e35_10.0.18362.329_none_0dc0a73fc10b4654\Windows.Management.Provisioning.ProxyStub.dll,c:\Windows\WinSxS\amd64_microsoft-windows-provisioning-core_31bf3856ad364e35_10.0.18362.329_none_0dc0a73fc10b4654\Windows.Management.Provisioning.ProxyStub.dll,c:\Windows\WinSxS\amd64_microsoft-windows-provisioning-core_31bf3856ad364e35_10.0.18362.329_none_0dc0a73fc10b4654\Windows.Management.Provisioning.ProxyStub.dll,c:\Windows\WinSxS\amd64_microsoft-windows-provisioning-core_31bf3856ad364e35_10.0.18362.329_none_0dc0a73fc10b4654\Windows.Management.Provisioning.ProxyStub.dll,c:\Windows\WinSxS\amd64_microsoft-windows-provisioning-core_31bf3856ad364e35_10.0.18362.329_none_0dc0a73fc10b4654\Windows.Management.Provisioning.ProxyStub.dll,c:\Windows\WinSxS\amd64_microsoft-windows-provisioning-core_31bf3856ad364e35_10.0.18362.329_none_0dc0a73fc10b4654\Windows.Management.Provisioning.ProxyStub.dll,c:\Windows\WinSxS\amd64_microsoft-windows-provisioning-core_31bf3856ad364e35_10.0.18362.329_none_0dc0a73fc10b4654\Windows.Management.Provisioning.ProxyStub.dll,c:\Windows\WinSxS\amd64_microsoft-windows-provisioning-core_31bf3856ad364e35_10.0.18362.329_none_0dc0a73fc10b4654\Windows.Management.Provisioning.ProxyStub.dll,c:\Windows\WinSxS\amd64_microsoft-windows-provisioning-core_31bf3856ad364e35_10.0.18362.329_none_0dc0a73fc10b4654\Windows.Management.Provisioning.ProxyStub.dll,c:\Windows\WinSxS\amd64_microsoft-windows-provisioning-core_31bf3856ad364e35_10.0.18362.329_none_0dc0a73fc10b4654\Windows.Management.Provisioning.ProxyStub.dll,c:\Windows\WinSxS\amd64_microsoft-windows-provisioning-core_31bf3856ad364e35_10.0.18362.329_none_0dc0a73fc10b4654\Windows.Management.Provisioning.ProxyStub.dll,c:\Windows\WinSxS\amd64_microsoft-windows-provisioning-core_31bf3856ad364e35_10.0.18362.329_none_0dc0a73fc10b4654\Windows.Management.Provisioning.ProxyStub.dll,c:\Windows\WinSxS\amd64_microsoft-windows-provisioning-core_31bf3856ad364e35_10.0.18362.329_none_0dc0a73fc10b4654\Windows.Management.Provisioning.ProxyStub.dll,c:\Windows\WinSxS\amd64_microsoft-windows-provisioning-core_31bf3856ad364e35_10.0.18362.329_none_0dc0a73fc10b4654\Windows.Management.Provisioning.ProxyStub.dll,c:\Windows\WinSxS\amd64_microsoft-windows-provisioning-core_31bf3856ad364e35_10.0.18362.329_none_0dc0a73fc10b4654\Windows.Management.Provisioning.ProxyStub.dll,c:\Windows\WinSxS\amd64_microsoft-windows-provisioning-core_31bf3856ad364e35_10.0.18362.329_none_0dc0a73fc10b4654\Windows.Management.Provisioning.ProxyStub.dll,c:\Windows\WinSxS\amd64_microsoft-windows-provisioning-core_31bf3856ad364e35_10.0.18362.329_none_0dc0a73fc10b4654\Windows.Management.Provisioning.ProxyStub.dll,c:\Windows\WinSxS\amd64_microsoft-windows-provisioning-core_31bf3856ad364e35_10.0.18362.329_none_0dc0a73fc10b4654\Windows.Management.Provisioning.ProxyStub.dll,c:\Windows\WinSxS\amd64_microsoft-windows-provisioning-core_31bf3856ad364e35_10.0.18362.329_none_0dc0a73fc10b4654\Windows.Management.Provisioning.ProxyStub.dll,c:\Windows\WinSxS\amd64_microsoft-windows-provisioning-core_31bf3856ad364e35_10.0.18362.329_none_0dc0a73fc10b4654\Windows.Management.Provisioning.ProxyStub.dll,c:\Windows\WinSxS\amd64_microsoft-windows-provisioning-core_31bf3856ad364e35_10.0.18362.329_none_0dc0a73fc10b4654\Windows.Management.Provisioning.ProxyStub.dll,c:\Windows\WinSxS\amd64_microsoft-windows-provisioning-core_31bf3856ad364e35_10.0.18362.329_none_0dc0a73fc10b4654\Windows.Management.Provisioning.ProxyStub.dll,c:\Windows\WinSxS\amd64_microsoft-windows-provisioning-core_31bf3856ad364e35_10.0.18362.329_none_0dc0a73fc10b4654\Windows.Management.Provisioning.ProxyStub.dll,c:\Windows\WinSxS\amd64_microsoft-windows-provisioning-core_31bf3856ad364e35_10.0.18362.329_none_0dc0a73fc10b4654\Windows.Management.Provisioning.ProxyStub.dll,c:\Windows\WinSxS\amd64_microsoft-windows-provisioning-core_31bf3856ad364e35_10.0.18362.329_none_0dc0a73fc10b4654\Windows.Management.Provisioning.ProxyStub.dll,c:\Windows\WinSxS\amd64_microsoft-windows-provisioning-core_31bf3856ad364e35_10.0.18362.329_none_0dc0a73fc10b4654\Windows.Management.Provisioning.ProxyStub.dll,c:\Windows\WinSxS\amd64_microsoft-windows-provisioning-core_31bf3856ad364e35_10.0.18362.329_none_0dc0a73fc10b4654\Windows.Management.Provisioning.ProxyStub.dll,c:\Windows\WinSxS\amd64_microsoft-windows-provisioning-core_31bf3856ad364e35_10.0.18362.329_none_0dc0a73fc10b4654\Windows.Management.Provisioning.ProxyStub.dll,c:\Windows\WinSxS\amd64_microsoft-windows-provisioning-core_31bf3856ad364e35_10.0.18362.329_none_0dc0a73fc10b4654\Windows.Management.Provisioning.ProxyStub.dll,c:\Windows\WinSxS\amd64_microsoft-windows-provisioning-core_31bf3856ad364e35_10.0.18362.329_none_0dc0a73fc10b4654\Windows.Management.Provisioning.ProxyStub.dll,c:\Windows\WinSxS\amd64_microsoft-windows-provisioning-core_31bf3856ad364e35_10.0.18362.329_none_0dc0a73fc10b4654\Windows.Management.Provisioning.ProxyStub.dll,c:\Windows\WinSxS\amd64_microsoft-windows-provisioning-core_31bf3856ad364e35_10.0.18362.329_none_0dc0a73fc10b4654\Windows.Management.Provisioning.ProxyStub.dll,c:\Windows\WinSxS\amd64_microsoft-windows-provisioning-core_31bf3856ad364e35_10.0.18362.329_none_0dc0a73fc10b4654\Windows.Management.Provisioning.ProxyStub.dll,c:\Windows\WinSxS\amd64_microsoft-windows-provisioning-core_31bf3856ad364e35_10.0.18362.329_none_0dc0a73fc10b4654\Windows.Management.Provisioning.ProxyStub.dll,c:\Windows\WinSxS\amd64_microsoft-windows-provisioning-core_31bf3856ad364e35_10.0.18362.329_none_0dc0a73fc10b4654\Windows.Management.Provisioning.ProxyStub.dll,c:\Windows\WinSxS\amd64_microsoft-windows-provisioning-core_31bf3856ad364e35_10.0.18362.329_none_0dc0a73fc10b4654\Windows.Management.Provisioning.ProxyStub.dll,c:\Windows\WinSxS\amd64_microsoft-windows-provisioning-core_31bf3856ad364e35_10.0.18362.329_none_0dc0a73fc10b4654\Windows.Management.Provisioning.ProxyStub.dll,c:\Windows\WinSxS\amd64_microsoft-windows-provisioning-core_31bf3856ad364e35_10.0.18362.329_none_0dc0a73fc10b4654\Windows.Management.Provisioning.ProxyStub.dll,c:\Windows\WinSxS\amd64_microsoft-windows-provisioning-core_31bf3856ad364e35_10.0.18362.329_none_0dc0a73fc10b4654\Windows.Management.Provisioning.ProxyStub.dll,c:\Windows\WinSxS\amd64_microsoft-windows-provisioning-core_31bf3856ad364e35_10.0.18362.329_none_0dc0a73fc10b4654\Windows.Management.Provisioning.ProxyStub.dll,c:\Windows\WinSxS\amd64_microsoft-windows-provisioning-core_31bf3856ad364e35_10.0.18362.329_none_0dc0a73fc10b4654\Windows.Management.Provisioning.ProxyStub.dll,c:\Windows\WinSxS\amd64_microsoft-windows-provisioning-core_31bf3856ad364e35_10.0.18362.329_none_0dc0a73fc10b4654\Windows.Management.Provisioning.ProxyStub.dll,c:\Windows\WinSxS\amd64_microsoft-windows-provisioning-core_31bf3856ad364e35_10.0.18362.329_none_0dc0a73fc10b4654\Windows.Management.Provisioning.ProxyStub.dll,c:\Windows\WinSxS\amd64_microsoft-windows-provisioning-core_31bf3856ad364e35_10.0.18362.329_none_0dc0a73fc10b4654\Windows.Management.Provisioning.ProxyStub.dll,c:\Windows\WinSxS\amd64_microsoft-windows-provisioning-core_31bf3856ad364e35_10.0.18362.329_none_0dc0a73fc10b4654\Windows.Management.Provisioning.ProxyStub.dll
