Add a discount code,Add discount code,Add to cart,Add to compare,Add to favorite,Author,Authorization in progress ...,Back to login,Back,Billing address,Cancel,Change my password,City *,City,Close,Company name *,Contact us,Continue to payment,Continue to shipping,Copy address data from shipping,Country *,Country,Create a new account,Current password *,Customer service,Date and time,Delivery,Departments,Discount code,Discount,Don't hesitate and,E-mail address *,Edit newsletter preferences,Edit payment,Edit personal details,Edit shipping,Edit your profile,Edit your shipping details,Edit,Email address *,Email address,Enter your email to receive instructions on how to reset your password.,Erin recommends,Error while sending reset password e-mail,Everything new,Field is required,Filter,Filters,First name *,First name,Forgot the password?,General agreement,Get inspired,Go review the order,Go to Facebook,Go to Instagram,Go to Pinterest,Go to Youtube,Go to checkout,Help,Home,House/Apartment number *,House/Apartment number,I accept ,I accept terms and conditions,I agree to,I have a company and want to receive an invoice for every order,I want to create an account,I want to create an account',I want to generate an invoice for the company,"I want to receive a newsletter, and agree to its terms",If you need an assistance you can drop us a line on,Items ordered,Kidswear,Last name *,Last name,Legal notice,Log in to your account,Log in,Login to your account,Logout,Magazine,Men's fashion,My Account,My account,My loyalty card,My newsletter,My orders,My product reviews,My profile,My shipping details,Name must have at least 3 letters.,New Luma Yoga Collection,New password *,Newsletter,No orders yet,No products found!,No results were found.,Open menu,Open microcart,Open my account,Open search panel,Open wishlist,Order #{id},Order ID,Order Summary,Order informations,Orders,Password *,Passwords must be identical,Passwords must be identical.,Payment method,Payment,Personal Details,Phone Number,Phone number may be needed by carrier,Place the order,Please check if all data are correct,Please provide valid e-mail address.,Price {variant},Price,Privacy policy,Product Name,Product details,Purchase,Qty,Quantity,Register an account,Register,Remake order,Remember me,Remove from compare,Remove,Repeat new password *,Repeat password *,Reset password,Resetting the password ... ,Return policy,Return to shopping,Returns,Review order,SKU,SKU: {sku},Safety,Sale,Search,See details,See our bestsellers,Select color ,Select size {variant},Ship to my default address,Shipping address,Shipping method,Shipping method,Shipping,Shopping cart,Shopping summary,Show subcategories,Sign up to our newsletter and receive a coupon for 10% off!,Similar products,Size guide,State / Province,Status,Store locator,Street name *,Street name,Subscribe to the newsletter and receive a coupon for 10% off,Subscribe,Subtotal,Tax ID *,Tax ID must have at least 3 letters.,Tax identification number *,Tax identification number must have at least 3 letters.,Tax,Terms and conditions,The new account will be created with the purchase. You will receive details on e-mail.,Toggle password visibility,Track my order,Type,Unfortunately we can't find the page you are looking for.,Update my preferences,Update my profile,Update my shipping details,Use my billing data,Use my company's address details,Use my company's address details,Value,View all,View order,We can't find the page,We use cookies to give you the best shopping experience.,We will send you details regarding the order,We will send you the invoice to given e-mail address,We've sent password reset instructions to your email. Check your inbox and follow the link.,Wishlist,Women fashion,You are logged in as {firstname},You are offline. Some features might not be available.,You can also use,You have been successfully subscribed to our newsletter!,You have no items to compare.,You must accept the terms and conditions.,You've entered an incorrect coupon code. Please try again.,Your shopping cart is empty.,Your wishlist is empty.,Zip-code *,Zip-code must have at least 3 letters.,Zip-code,a chat,a contact page,browse our catalog,color_filter,login to your account,or write to us through,or,price_filter,register an account,return to log in,search,size_filter,to find product you were looking for.,to find something beautiful for You!
ディスカウントコードを追加する,申し込み,カートに追加,比較への追加,お気に入りへの追加,書いた人,認証を実行中 ...,ログインに戻る,戻る,請求先住所,キャンセル,パスワードの変更,市町村 *,市町村,閉じる,会社名 *,Contact us,支払いに進む,買い物を続ける,発送先の住所をコピーする,国 *,国,アカウントを作る,現在のパスワード *,カスタマーサービス,日時,発送,部署,ディスカウントコード,ディスカウント,躊躇しないで,メールアドレス *,ニュースレターの設定を変更する,支払いの編集,個人の詳細の編集,発送方法の編集,プロフールの編集,買い物の詳細を編集,編集,メールアドレス *,メールアドレス,メールアドレスを入力して、パスワードリセットの手順を受信してください。,エリンのおすすめ,リセットパスワードを送る際にエラー,全ての新しいもの,必須の項目です,フィルター,フィルター,名 *,名,パスワードを忘れましたか?,ユーザー同意,インスピレーションをもらいましょう,注文の確認,Facebookへ行く,Instagramへ行く,Pinterestへ行く,Youtubeへ行く,チェックアウトに進む,ヘルプ,ホーム,部屋番号、建物名 *,部屋番号、建物名,同意する ,利用規約に同意する,同意します,法人からなので、全ての注文に請求書を発行してください,アカウントを作成,アカウントを作成する',この会社への請求書を発行する,規約に同意して、ニュースレターを受け取ります,お問合わせはこちらからお願いします,注文されました,子供服,姓 *,姓,法律のお知らせ,アカウントにログインする,ログイン,アカウントにログイン,ログアウト,マガジン,男性のファッション,自分のアカウント,自分のアカウント,自分のポイントカード,自分のニュースレター,自分の注文,自分の商品レビュー,自分のプロフィール,買い物の詳細,名前は最低３文字必要です,Luma Yogaの新しいコレクション,新しいパスワード *,ニュースレター,また注文されていません,商品がありません!,なにもありません,メニューを開く,小さなカートを開く,自分のアカウントを開く,検索パネルを開く,欲しいモノリストを開く,注文番号{id},注文ID,注文の詳細,注文の情報,注文,パスワード *,パスワードは同じである必要があります,パスワードは同じである必要があります,決済方法,支払い,個人の詳細,電話番号,発送に電話番号が必要な事があります,注文を行う,全てのデータが正しいかどうか確認してください,正しいメールアドレスを入力してください,価格 {variant},価格,プライバシー・ポリシー,商品名,商品の詳細,購入,数量,数量,アカウントの登録,登録,注文を再度行う,ログインを覚える,比較から削除する,削除する,もう一度新しいパスワード *,パスワードもう一度 *,リセットパスワード,パスワードをリセットしていあｍす ... ,返品ポリシー,買い物に戻る,返品,注文の確認,SKU,SKU: {sku},安全性,セール,検索,詳細を見る,ベストセラーを見る,色の選択 ,サイズの選択 {variant},デフォルトの住所に発送する,発送住所,発送方法,発送方法,送料,ショッピングカート,買い物の詳細,サブカテゴリーを開く,ニュースレターに登録して、10%割引のクーポンをうけとりましょう!,似た商品,サイズガイド,都道府県,ステータス,Store locator,住所 *,住所,ニュースレターに登録して10%オフのクーポンをもらいましょう,登録,小計,税金ID *,税金IDは3文字以上である必要があります,税金ID番号 *,税金IDは最低3文字必要です,税金,利用規約,この買い物の後にアカウントが作成されます。詳細の入ったメールが送られます,パスワードの見え方の切り替え,注文のトラッキング,タイプ,すみません、お探しのページはありません。,設定を更新する,プロフィールを更新,買い物の詳細の更新,請求書情報を使う,自分の会社の住所の詳細を使う,自分の会社の住所を使う,値,全てを見る,注文をみる,ページがありません,買い物をできるだけ良いものにするためクッキーを使っています,注文に関する詳細を送ります,指定されたメールアドレスに請求書を送ります,パスワードリセットのメールを送りました。メールの中にあるリンクをクリックしてください。,欲しいモノリスト,女性のファッション,ログイン中 {firstname},オフラインです、使えない機能があります,こちらを使うこともできます,ニュースレターに購読しました!,比較するアイテムはありません,利用規格に同意してください,クーポンコードが無効です。もう一度試してください。,ショッピングカートは空です,欲しいモノリストは空です,郵便番号 *,郵便番号は最低3文字必要です,郵便番号,チャット,コンタクトページ,カタログを見る,色,アカウントへのログイン,かこちらから連絡ください,か,価格,アカウントの登録,ログインに戻る,検索,サイズ,から欲しい商品を見つける,あなたにあった素敵なものを見つけましょう!
